00000000 00000000 00000000 00000000 00000000 00000000 00000000 00000008 00000000 00000008 00000000 0
00000000 00000000 00000000 00000000 00000000 00000000 00000004 00000000 00000000 00000004 00000000 1
00000000 00000000 00000000 00000000 40000002 40000001 00000001 80000001 80000002 00000006 00000000 0
00000000 00000000 00000000 00000000 80000000 00000008 00000005 40000008 80000000 00000008 00000000 1
00000000 00000000 00000000 00000008 c0000002 40000009 00000004 c0000001 00000002 0000000e 00000000 0
00000000 00000000 00000000 8000000a 80000000 00000002 40000004 4000000a 80000002 00000008 00000000 0
00000000 00000000 00000001 00000000 00000002 00000000 00000000 00000001 00000000 00000000 00000000 0
00000000 00000000 00000002 00000008 80000000 00000008 00000005 40000002 80000000 00000008 00000000 1
00000000 00000000 00000005 00000000 80000002 00000000 00000001 40000001 80000000 00000004 00000000 0
00000000 00000000 0000000f 00000008 00000002 0000000c 00000004 00000003 00000000 0000000c 00000000 1
00000000 00000000 00010004 01100001 c14a0001 01b0000a 80cc0001 42650008 42700002 02840000 00020000 0
00000000 00000000 00030000 03300003 43de0002 82d00008 c1540001 c2af000b 42900000 038c0006 00060000 0
00000000 00000000 001f8004 00780000 02a30003 02480000 40a20004 03718001 80e80002 00be0000 00070000 0
00000000 00000000 00200003 02000008 01400002 02000000 01800004 00a0000b 02000000 00800008 00000000 0
00000000 00000000 00600000 02000000 03c00000 02000000 02800000 01e00000 02000000 01800004 00000000 1
00000000 00000000 00c00000 00000000 03800000 00000000 01000000 03c00000 00000000 03000000 00000000 0
00000000 00000000 011f8004 00780000 00a30003 02480000 40a20004 02718001 80e80002 00be0000 00070000 1
00000000 00000000 021f8004 00780000 02a30003 02480000 40a20004 01718001 80e80002 00be0000 00070000 0
00000000 00000000 10c00000 00000000 03800000 00000000 01000000 03c00000 00000000 03000000 00000000 1
00000000 00000000 325c8002 03480008 03fd0003 40980000 c2f60001 829e8009 c2780002 0232000a 00010000 1
00000000 00000000 50c00004 00000000 03800002 00000000 01000004 03c00001 80000000 03000000 00000000 1
00000000 00000000 80000001 00000000 00000003 00000000 00000000 80000003 00000000 00000006 00000000 0
00000000 00000001 21000005 00000003 42000000 c0000008 40000000 41000008 00000000 00000000 00000000 0
00000000 00000002 40200004 02000000 01400002 02000000 01800004 00a00001 82000000 00800000 00000000 1
00000000 00000005 23df8001 0078000b 43230003 c2480008 01a20000 43b18009 80e80002 03be0008 00070000 1
00000000 00000008 623c8004 01480008 003d0001 42980000 c0760005 837e8002 40780002 03b20006 00010000 1
00000000 00008000 10000004 02250000 03880003 01e60000 41528004 00900001 82c20002 03910000 00000000 1
00000000 00020003 329b8004 00ac0001 80ab0002 83100008 00d80005 c025800b 82200000 02ea0002 00070000 0
00000000 00040009 131e8004 00400008 41a90003 c0c80002 02fa0001 02948001 80880002 02b20004 00050000 1
00000000 000e800a 81850004 00990008 020a0002 005e0000 42588000 83210003 804a0002 02d90006 00020000 0
00000000 001c0009 13de8004 02b00008 43a90003 c2680002 00820001 02548001 80e80002 02820004 00050000 1
00000000 00320000 020f8004 000c0000 03230003 03900000 43d80004 03618001 80200002 00da0000 00070000 1
00000000 006a0000 03540000 00440000 01a80000 02b80000 01720000 02c40000 00680000 00c40000 00000000 0
00000000 00c40003 92850000 03f80000 41220001 c1400002 40a80001 83f10002 02a00000 039c0002 00020000 0
00000000 01e48000 12d10004 03dd0000 03a20003 00e60000 40aa8004 01e50001 82220002 011d0000 00020000 1
00000000 02fc0000 02d10000 01080000 01aa0000 03a00000 01800000 02750000 00800000 03bc0000 00020000 0
00000000 22e40002 82110007 03f80000 c3aa0001 41000001 03f80000 42b50000 00e00002 038c0000 00020000 1
00000000 a0100002 20800007 00a00000 00000001 00c00001 80500000 00800000 00400002 00200000 00000000 0
00000001 20840001 10810001 81380002 800a0000 80800001 02d80000 c0650002 02600000 010c0002 00020000 0
00000003 00940003 30010006 81980003 800a0001 80400000 02880000 c0e50002 02200000 012c0002 00020000 1
00008000 00048000 00810000 02c50000 03460000 03448000 03e68000 03660000 00830000 00810000 00030000 0
00014002 02201000 a0898004 03c0a003 03240002 02808000 03ee5004 c2820003 01c2c000 02e22002 00008000 0
00020000 00300000 02000000 02800000 00100000 01ca0000 01400000 024c0000 00440000 02100000 00040000 1
00060000 00600000 03800000 02600000 00300000 031e0000 03300000 03540000 000c0000 02500000 00040000 1
000a0000 23440000 82560002 00280002 028c0000 00320001 00cc0001 c3b20002 03a40000 01e00002 00000000 1
001b4002 22221000 22410002 00bca001 01a10001 02b28001 41525001 02048000 80c6c002 00f42000 00058000 1
00220000 03140000 02f60000 03880000 028c0000 037a0000 019c0000 02620000 02b40000 03000000 00000000 1
00420000 00940000 00950000 03b80000 01920000 004a0000 02c80000 026d0000 00e40000 030c0000 00060000 0
00d88000 00d20000 00848000 03240000 03a90000 01da8000 02200000 00258000 03210000 03ea0000 00000000 1
01d88000 00040000 00858000 00a80000 01830000 00028000 00a20000 00808000 01090000 00020000 00020000 1
02000000 20940000 80010002 01980002 000a0000 02400001 02880001 c0e50002 02200000 012c0002 00020000 0
08800000 00b00000 00880000 00600000 00500000 00400000 00100000 00a80000 00400000 01400000 00000000 0
4a408000 00c40000 c0c50002 03200000 01660002 42228001 43440000 02a20001 80010002 03800000 00030000 0
82014002 20401000 e2198002 0100a001 00840000 41008001 02ce5000 00520000 4342c000 00622000 00008000 1
