* 3   8   8   2     1    e   1    9   7   2     1    e   1   10   7   2     1    e   0           1       0       2     670    0.00286        0  0.00143
* 3   9   7   2     1    e   1    9   8   2     1    e   1   14   6   2     1    0   0           2       0     189     509      0.355        0  0.00376
* 3   5   7   2     1    e   1   10   7   3     1    e   1   13   6   1     1    2   0           2       0     132     534      0.236        0  0.00358
* 3   8   8   2     1    e   1   10   7   2     1    e   0   14   8   1     1    0   0           2       0      14     565     0.0237        0  0.00339
* 3   5   7   2     1    e   1    5  10  14     1    e   1   15   5   4     0    0   0           2       0       5     580    0.00825        0   0.0033
* 2  10   7   3     1    e   1   10   8   3     1    e   1                                       2       0     100    1125      0.087        0  0.00174
* 3   5   7   2     1    e   1    9   8   2     1    e   1   10   7   3     1    e   1           3       0      13     589     0.0211        0  0.00486
* 2  13   8   1     1    2   0   13   9   1     1    2   0                                       4       0      11     455     0.0235        0  0.00854
* 3   5   7   2     1    e   1    8   8   2     1    e   1   15   5   5     0    0   0           4       0       6     604    0.00947        0  0.00632
* 3   9   7   2     1    e   1   10   7   3     1    e   1   13   5   2     1    2   0           4       0     439     930      0.451        0  0.00411
* 3   5   7   2     1    e   1    8   8   2     1    e   1   10   6   2     1    6   0           4       0       1     934    0.00102        0  0.00409
* 3   7   7   2     1    e   1    9   8   2     1    e   1   12   7   1     1    6   0           5       0     169     504      0.319        0  0.00943
* 2   5   7   2     1    e   1   11   5   2     1    2   0                                       5       0       5     536    0.00906        0  0.00906
* 3   5   7   2     1    e   1    8   8   2     1    e   1   15   5   4     0    0   0           5       0       6     685    0.00835        0  0.00696
* 3   7   7   2     1    e   1    9   9   2     1    e   1   12   7   1     1    6   0           6       0     215     476      0.428        0    0.012
* 3  14   6   3     1    0   0   14   8   1     1    0   0   15   8  10     0    0   0           6       0      46     498     0.0876        0   0.0114
* 3   9   7   2     1    e   1    9   8   2     1    e   1   13   6   1     1    2   0           6       0     264     723      0.348        0   0.0079
* 3   5  10  14     1    e   1    9   7   2     1    e   1   10  10   1     1    e   1           7       0      12     491     0.0231        0   0.0135
* 3  10   7   3     1    e   0   13   6   1     1    2   0   15   6  10     0    0   0           7       0     164     582      0.267        0   0.0114
* 3  10   7   2     1    e   0   13   5   3     1    2   0   15   6  10     0    0   0           8       0     200     608      0.312        0   0.0125
* 3   5  10  14     1    e   1    8   8   2     1    e   1   13   8   1     1    2   0           8       0      14     938     0.0142        0  0.00812
* 3   9   9   2     1    e   1   15   5   4     0    0   0   15   6  10     0    0   0           9       0     219     482      0.428        0   0.0176
* 3   5   7   2     1    e   1   14   5   2     1    0   0   14   7   0     1    0   0          10       0       8     541     0.0139        0   0.0174
* 1  15  10  10     0    0   0                                                                  12       0      12     592     0.0199        0   0.0199
* 1  14   6   3     1    0   0                                                                  13       0      41     567     0.0707        0   0.0224
* 1  14   8   1     1    0   0                                                                  14       0     109     551      0.193        0   0.0248
* 2  10   7   3     1    e   1   14   5   2     1    0   0                                      14       0     181     671      0.259        0     0.02
* 3   7   7   2     1    e   1   12   7   1     1    6   0   14   5   2     1    0   0          14       0     147     690        0.2        0   0.0191
* 2   5   7   2     1    e   1    9   8   2     1    e   1                                      14       0      20    1003     0.0193        0   0.0135
* 3  14   5   2     1    0   0   15   8  10     0    0   0   15  10  10     0    0   0          16       0      41     654     0.0587        0   0.0229
* 2  11   7   1     1    e   0   14   5   2     1    0   0                                      16       0      46     729     0.0605        0    0.021
* 3   9   7   2     1    e   1   10   7   3     1    e   1   13   5   3     1    2   0          16       0     423     868      0.459        0   0.0174
* 3   9   7   2     1    e   1   10   7   2     1    e   0   13   5   2     1    2   0          16       0     309    1017      0.287        0   0.0149
* 3   5   7   2     1    e   1   14   6   3     1    0   0   14   8   1     1    0   0          17       0       5     459     0.0101        0   0.0343
* 3   5   7   2     1    e   1    8   8   2     1    e   1   11   7   1     1    e   0          19       0      13     616     0.0197        0   0.0287
* 3   8   8   2     1    e   1   11   7   1     1    e   0   13   8   1     1    2   0          19       0      17     635      0.025        0   0.0279
* 3   5   7   2     1    e   1    5  10  14     1    e   1   15  10  10     0    0   0          19       0      22     704     0.0292        0   0.0252
* 3  15   6  10     0    0   0   15   8  10     0    0   0   15  10  10     0    0   0          19       0      14     766     0.0171        0   0.0232
* 3   5   7   2     1    e   1    8   8   2     1    e   1   10   9   1     1    e   1          19       0       3     911     0.0031        0   0.0196
* 2  14   6   2     1    0   0   15  10  10     0    0   0                                      21       0      56     745     0.0716        0   0.0269
* 3   5   7   2     1    e   1    8   8   2     1    e   1   13   6   1     1    2   0          23       0       9     511     0.0162        0   0.0413
* 3   5   7   2     1    e   1    8   8   2     1    e   1   13   5   2     1    2   0          24       0      10     979    0.00957        0    0.023
* 3   5   7   2     1    e   1    8   8   2     1    e   1   14   8   1     1    0   0          27       0      15     884     0.0158        0   0.0285
* 3   5   7   2     1    e   1   14   5   2     1    0   0   14   6   3     1    0   0          28       0      17     785     0.0201        0   0.0331
* 3   5  10  14     1    e   1   10   7   3     1    e   1   14   8   1     1    0   0          28       0     267    1033      0.242        0   0.0253
* 3   7   7   2     1    e   1   12   7   1     1    6   0   14   6   2     1    0   0          33       0     127     946      0.125        0   0.0324
* 2  15   8  10     0    0   0   15  10  10     0    0   0                                      54       0      57    1127     0.0473        0   0.0448
* 3  10   7   3     1    e   1   10   8   3     1    e   1   13   5   2     1    2   0          55       0     120     813      0.133        0   0.0608
* 2  14   5   2     1    0   0   14   6   3     1    0   0                                      64       0     101    1061      0.088        0   0.0558
