* 3  11   7  11     0    8   0   13   8   8     0    0   0   14  13   9     0    0   0           1       0       0      23          0        0     0.04
* 3  12   6   7     0    6   0   13   8   8     0    0   0   13  11   5     0    2   0           1       0       0      24          0        0   0.0384
* 3  12   6   7     0    6   0   13   6   5     0    2   0   13   8   9     0    0   0           1       0       0      25          0        0   0.0369
* 3  13   7   6     0    2   0   13   8   9     0    0   0   14  13   1     0    0   0           1       0       0      26          0        0   0.0356
* 2  13   6   5     0    2   0   14  13   8     0    0   0                                       1       0       0      55          0        0   0.0175
* 2  13   7   6     0    0   0   13   8   8     0    0   0                                       3       0       1      37     0.0245        0   0.0735
* 3  12   6   6     0    6   0   12   7   7     0    6   0   13   7   7     0    0   0           3       0       0      52          0        0   0.0524
* 1  11   6  10     0    e   0                                                                   6       0       1      40     0.0217        0     0.13
* 1  14  13   0     0    0   0                                                                   6       0       0      46          0        0    0.115
* 2  13   6   4     0    2   0   13   8  12     0    2   0                                       6       0       0      56          0        0   0.0948
* 2  13   6   4     0    2   0   13   8  13     0    2   0                                       9       0       0      62          0        0    0.124
* 3  13   7   6     0    2   0   13   8   8     0    0   0   14  13   2     0    0   0          10       0       0      27          0        0    0.259
* 2  12   7   6     0    6   0   13   8   9     0    0   0                                      11       0       0      71          0        0    0.131
* 2  12   7   7     0    6   0   13   8   9     0    0   0                                      11       0       0      82          0        0    0.116
* 2  13   6   5     0    2   0   13   8   8     0    0   0                                     164       0       0     264          0        0    0.376
* 2  13   6   4     0    2   0   13   8   8     0    0   0                                     171       0       0      93          0        0    0.635
* 1  13   8   3     0    2   0                                                               10635       0       0     428          0        0    0.961
* 1  13   8   2     0    2   0                                                              177733       0       0   11063          0        0    0.941
