* 2  11   6  10     0    e   0   12   6  10     0    4   0                                      18       0       0    1258          0        0   0.0138
* 3  13   8  13     0    2   0   13  10  12     0    2   0   14  13  12     0    0   0          26       0       1    1342   0.000702        0   0.0182
* 3  12   7  12     0    6   0   13   6  12     0    2   0   13  11  13     0    0   0          41       0       0    1276          0        0   0.0299
* 3  12   6  11     0    6   0   13  10  11     0    2   0   13  11   9     0    2   0          41       0       0    1488          0        0   0.0257
* 2  13   8  13     0    2   0   14  13  12     0    0   0                                      49       0       0    1368          0        0   0.0339
* 2  13   8  13     0    2   0   14  13  13     0    0   0                                      49       0       1    1529   0.000621        0   0.0304
* 3  12   6  11     0    4   0   12   7  12     0    6   0   13   6  13     0    2   0          50       0       0    1578          0        0   0.0295
* 3  12   7  12     0    6   0   13   6  13     0    2   0   13  11  12     0    0   0          71       0       0    1417          0        0   0.0458
* 3  12   6  11     0    4   0   12   7  13     0    6   0   13   6  13     0    2   0          80       0       0    1774          0        0   0.0414
* 1  14  16   6     0    0   0                                                                 146       0       0    1628          0        0   0.0823
* 2  13   6  12     0    2   0   13  11  11     0    2   0                                     205       0       0    2063          0        0   0.0886
* 2  12   6  10     0    4   0   13   7  12     0    2   0                                     209       0       0    1854          0        0   0.0993
* 3  12   6  11     0    0   0   12   7  13     0    6   0   13   6  12     0    2   0         378       0       0    2268          0        0    0.137
* 3  12   6  11     0    0   0   12   7  12     0    6   0   13   6  12     0    2   0         412       0       0    2646          0        0    0.129
* 3  12   6  10     0    0   0   13   6  13     0    2   0   13   7  12     0    2   0         805       0       0    3058          0        0      0.2
* 2  12   6  10     0    0   0   13   7  13     0    2   0                                    1568       0       0    3863          0        0    0.283
* 1  13  10  11     0    2   0                                                                6054       0       0    5431          0        0    0.527
* 1  12   6  10     0    6   0                                                               64154       0       0   11485          0        0    0.848
