* 2  14   6   1     0    0   0   15  11   8     0    0   0                                       0       0       0       0          0        0        0
* 2  15  11   8     0    0   0   15  12   0     0    0   0                                       0       0       0       0          0        0        0
* 2  13   6  10     0    2   0   15  11   9     0    0   0                                       0       0       0       0          0        0        0
* 3  13   6  10     0    2   0   14   6   1     0    0   0   14  11   0     0    0   0           0       0       0       0          0        0        0
* 3  13   6  11     0    2   0   14   6   1     0    0   0   14  11   0     0    0   0           0       0       0       0          0        0        0
* 3  13   6  10     0    2   0   14   7   3     0    0   0   14  11   0     0    0   0           0       0       0       0          0        0        0
* 3  13   6  11     0    2   0   14   7   3     0    0   0   14  11   0     0    0   0           0       0       0       0          0        0        0
* 3  13   6  10     0    2   0   14   7   2     0    0   0   14  11   1     0    0   0           0       0       0       0          0        0        0
* 3  13   6  10     0    2   0   14   7   2     0    0   0   14  11   2     0    0   0           0       0       0       0          0        0        0
* 3  13   6  10     0    2   0   14   6   2     0    0   0   15  12   7     0    0   0           0       0       0       0          0        0        0
* 2  13   6  10     0    2   0   14   6   2     0    0   0                                       0       0       0       0          0        0        0
* 1  15  12  14     0    0   0                                                                   0       0       0       0          0        0        0
* 2  14   6  10     0    0   0   14   7   0     0    0   0                                       0       0       0       0          0        0        0
* 2  13   6  10     0    2   0   15  12   7     0    0   0                                       0       0       0       0          0        0        0
* 3  13   6  10     0    2   0   15  11   8     0    0   0   15  12   7     0    0   0           0       0       0       0          0        0        0
* 1  14   7   2     0    0   0                                                                   0       0       0       0          0        0        0
* 2  13   6  10     0    2   0   14   6   1     0    0   0                                       0       0       0       0          0        0        0
* 1  15  11   9     0    0   0                                                                   0       0       0       0          0        0        0
* 1  14   7   0     0    0   0                                                                   0       0       0       0          0        0        0
* 1  15  12   0     0    0   0                                                                   0       0       0       0          0        0        0
