* 2  14   7   4     0    0   0   15  12   3     0    0   0                                       0       0       0       0          0        0        0
* 2  15  11  12     0    0   0   15  12   4     0    0   0                                       0       0       0       0          0        0        0
* 2  15  11  13     0    0   0   15  13  13     0    0   0                                       0       0       0       0          0        0        0
* 3  13   6  10     0    2   0   15  11  13     0    0   0   15  12   4     0    0   0           0       0       0       0          0        0        0
* 3  13   6  10     0    2   0   15  11  12     0    0   0   15  12   4     0    0   0           0       0       0       0          0        0        0
* 3  13   6  10     0    2   0   14   6  12     0    0   0   14   7   0     0    0   0           0       0       0       0          0        0        0
* 3  13   6  10     0    2   0   14   7   0     0    0   0   15  11  12     0    0   0           0       0       0       0          0        0        0
* 2  14   7   0     0    0   0   15  11  12     0    0   0                                       0       0       0       0          0        0        0
* 3  13   6  10     0    2   0   14   7   0     0    0   0   15  11  13     0    0   0           0       0       0       0          0        0        0
* 2  15  11  12     0    0   0   15  13  12     0    0   0                                       0       0       0       0          0        0        0
* 2  15  11  12     0    0   0   15  13  13     0    0   0                                       0       0       0       0          0        0        0
* 1  14   8   1     0    0   0                                                                   0       0       0       0          0        0        0
* 3  14   7   5     0    0   0   14   8   1     0    0   0   15  12   3     0    0   0           0       0       0       0          0        0        0
* 3  13   6  10     0    2   0   14   6  13     0    0   0   14   8  12     0    0   0           0       0       0       0          0        0        0
* 3  13   6  10     0    2   0   14   6  12     0    0   0   14   8  12     0    0   0           0       0       0       0          0        0        0
* 3  13   6  10     0    2   0   14   6  13     0    0   0   14   8  13     0    0   0           0       0       0       0          0        0        0
* 3  13   6  10     0    2   0   14   6  12     0    0   0   14   8  13     0    0   0           0       0       0       0          0        0        0
* 1  14   8   0     0    0   0                                                                   0       0       0       0          0        0        0
* 1  15  13   0     0    0   0                                                                   0       0       0       0          0        0        0
