* 3  12   8  10     0    6   0   12   9  10     0    2   0   14   9   3     0    0   0           2       0       0      98          0        0   0.0192
* 2  13   4  13     0    0   0   15  12  12     0    0   0                                       2       0       0     100          0        0   0.0192
* 2  12   9  10     0    2   0   13   7  13     0    2   0                                       2       0       0     103          0        0   0.0187
* 3  12   8  10     0    6   0   14   8  12     0    0   0   14   9   2     0    0   0           2       0       0     105          0        0   0.0179
* 3  12   8  10     0    4   0   13   4  12     0    0   0   15  12  12     0    0   0           2       0       0     107          0        0   0.0176
* 3  12   8  10     0    4   0   13   4  10     0    0   0   14   8  13     0    0   0           2       0       0     109          0        0   0.0173
* 2  14   9   3     0    0   0   15  11  13     0    0   0                                       2       0       2     117     0.0165        0   0.0165
* 3  13   4  12     0    0   0   14   7  12     0    0   0   15  11  12     0    0   0           2       0       0     136          0        0   0.0139
* 1  14   9   2     0    0   0                                                                   3       0       0     112          0        0   0.0261
* 2  12   8  10     0    6   0   13   6  13     0    2   0                                       3       0       0     119          0        0   0.0241
* 3  13   4  12     0    0   0   15  11  13     0    0   0   15  12  12     0    0   0           3       0       0     123          0        0   0.0229
* 2  12   8  10     0    6   0   13   4  11     0    0   0                                       3       0       0     126          0        0   0.0228
* 3  13   4  13     0    0   0   14   7  13     0    0   0   15  11  13     0    0   0           3       0       1     129    0.00727        0   0.0218
* 2  12   9  10     0    2   0   13   6  12     0    2   0                                       4       0       0     132          0        0   0.0288
* 1  12   8  10     0    4   0                                                                   4       0       1     224    0.00439        0   0.0175
* 3  12   8  10     0    0   0   13   4  12     0    0   0   14   8  12     0    0   0           6       0       0     148          0        0   0.0374
* 3  13   4  12     0    0   0   15  11  13     0    0   0   15  12  13     0    0   0           6       0       0     195          0        0   0.0287
* 2  13   4  12     0    0   0   15  11  13     0    0   0                                       7       0       0     155          0        0   0.0423
* 3  12   8  10     0    0   0   13   4  13     0    0   0   14   9   3     0    0   0           7       0       0     162          0        0   0.0398
* 3  13   4  12     0    0   0   14   7  13     0    0   0   15  11  12     0    0   0           9       0       1     138    0.00653        0   0.0588
* 2  12   9  10     0    0   0   13   6  13     0    2   0                                      13       0       0     169          0        0     0.07
* 2  12   8  10     0    0   0   14   9   0     0    0   0                                      13       0       0     182          0        0   0.0653
* 2  12   8  10     0    0   0   12   9  10     0    4   0                                      18       0       2     334    0.00557        0   0.0501
* 2  14   7  12     0    0   0   14   9   3     0    0   0                                      23       0       0     201          0        0    0.101
* 1  12   8  10     0    6   0                                                                  25       0       1     257    0.00355        0   0.0887
* 2  13   4  13     0    0   0   15  11  13     0    0   0                                      25       0       0     282          0        0   0.0798
* 2  13   4  13     0    0   0   15  11  12     0    0   0                                      27       0       0     307          0        0   0.0792
* 2  14   9   3     0    0   0   15  11  12     0    0   0                                      29       0       4     228     0.0153        0    0.111
* 1  12   9  10     0    6   0                                                                  38       0       1     352    0.00256        0   0.0974
* 3  13   6  13     0    2   0   14   7  12     0    0   0   14   9   2     0    0   0          48       0       0     714          0        0   0.0605
* 2  13   6  13     0    2   0   14   9   2     0    0   0                                      88       0       0     626          0        0    0.121
* 3  13   6  12     0    2   0   14   7  13     0    0   0   14   9   2     0    0   0         116       0       0     390          0        0     0.22
* 2  13   6  13     0    2   0   14   9   3     0    0   0                                     116       0       0     762          0        0    0.129
* 3  13   6  12     0    2   0   14   7  12     0    0   0   14   9   2     0    0   0         120       0       0     506          0        0    0.184
* 2  13   6  12     0    2   0   14   9   3     0    0   0                                     225       0       0     878          0        0      0.2
* 2  13   6  12     0    2   0   14   9   2     0    0   0                                     247       0       1    1103   0.000726        0    0.179
* 1  13   4  11     0    0   0                                                                 693       0       0    1350          0        0    0.339
* 2  13   4  12     0    0   0   14   7  12     0    0   0                                    2590       0       0    5235          0        0    0.324
* 2  13   4  12     0    0   0   14   7  13     0    0   0                                    3192       0       2    2043   0.000374        0    0.598
* 2  13   4  13     0    0   0   14   7  12     0    0   0                                    6047       0       1   15197   4.61e-05        0    0.279
* 2  13   4  13     0    0   0   14   7  13     0    0   0                                    7372       0       0    7825          0        0    0.475
* 1  13   4  10     0    0   0                                                               19592       0       2   21244    4.9e-05        0     0.48
* 1  14   9   0     0    0   0                                                              221621       0       1   40836   3.81e-06        0    0.844
