* 3  12   8  13     1    2   0   12   9   2     1    2   0   14   8  13     0    0   0           0       0       0       0          0        0        0
* 3  12   8  13     1    2   0   12   9   2     1    2   0   13   4  12     0    0   0           0       0       0       0          0        0        0
* 2  10   9  10     1    e   0   15   6  10     0    0   0                                       0       0       0       0          0        0        0
* 2  11   9   2     1    6   0   14   6  10     0    0   0                                       0       0       0       0          0        0        0
* 3  14   8  13     0    0   0   14   9  12     0    0   0   15  13  12     0    0   0           0       0       0       0          0        0        0
* 2  10   9  11     1    e   0   11   9   1     1    6   0                                       0       0       0       0          0        0        0
* 3  12   8  13     1    2   0   13   4  13     0    0   0   15  13  12     0    0   0           0       0       0       0          0        0        0
* 2  10   9  11     1    e   0   12   8  13     1    2   0                                       0       0       0       0          0        0        0
* 2  11   9   1     1    6   0   15   6  10     0    0   0                                       0       0       0       0          0        0        0
* 3  14   6  10     0    0   0   15   6  11     0    0   0   15  11   9     0    0   0           0       0       0       0          0        0        0
* 3  10   9  11     1    e   0   11   9   1     1    6   0   12   8  12     1    2   0           0       0       0       0          0        0        0
* 1  12   9   1     1    2   0                                                                   0       0       0       0          0        0        0
* 3  11   9   2     1    6   0   12   9   1     1    2   0   14   6  10     0    0   0           0       0       0       0          0        0        0
* 3  10   9  11     1    e   0   13   4  13     0    0   0   14   9  13     0    0   0           0       0       0       0          0        0        0
* 1  10   9  11     1    e   0                                                                   0       0       0       0          0        0        0
* 3  10   9  11     1    e   0   13   4  13     0    0   0   14   9  12     0    0   0           0       0       0       0          0        0        0
* 2  10   9  11     1    e   0   14   6  10     0    0   0                                       0       0       0       0          0        0        0
* 2  11   9   1     1    6   0   12   8  13     1    2   0                                       0       0       0       0          0        0        0
* 3  10   8  10     1    e   0   13   4  13     0    0   0   14   9  13     0    0   0           0       0       0       0          0        0        0
* 1  10   8  10     1    e   0                                                                   0       0       0       0          0        0        0
* 3  11   9   1     1    6   0   13   4  13     0    0   0   14   9  13     0    0   0           0       0       0       0          0        0        0
* 3  13   4  13     0    0   0   14   7   1     0    0   0   14   9  13     0    0   0           0       0       0       0          0        0        0
* 1  10   8  11     1    e   0                                                                   0       0       0       0          0        0        0
* 3  10   9  10     1    e   0   13   4  13     0    0   0   14   9  13     0    0   0           0       0       0       0          0        0        0
* 3  10   9  10     1    e   0   13   4  13     0    0   0   14   9  12     0    0   0           0       0       0       0          0        0        0
* 2  10   8  10     1    e   0   14   6   2     0    0   0                                       0       0       0       0          0        0        0
* 3  13   4  12     0    0   0   14   6  10     0    0   0   14   9  13     0    0   0           0       0       0       0          0        0        0
* 3  14   7   1     0    0   0   15   6  11     0    0   0   15  11   9     0    0   0           0       0       0       0          0        0        0
* 3  10   8  11     1    e   0   11   9   1     1    6   0   12   9   1     1    2   0           0       0       0       0          0        0        0
* 2  11   9   1     1    6   0   12   8  12     1    2   0                                       0       0       0       0          0        0        0
* 3  11   9   1     1    6   0   13   4  13     0    0   0   14   9  12     0    0   0           0       0       0       0          0        0        0
* 2  12   9   1     1    2   0   14   6  10     0    0   0                                       0       0       0       0          0        0        0
* 3  11   9   1     1    6   0   14   6  10     0    0   0   15   6  10     0    0   0           0       0       0       0          0        0        0
* 3  13   4  12     0    0   0   14   7   1     0    0   0   14   9  13     0    0   0           0       0       0       0          0        0        0
* 3  13   4  12     0    0   0   14   6  10     0    0   0   14   9  12     0    0   0           0       0       0       0          0        0        0
* 3  14   7   1     0    0   0   15   7  12     0    0   0   15  11   9     0    0   0           0       0       0       0          0        0        0
* 1  10   9   2     1    e   0                                                                   0       0       0       0          0        0        0
* 3  11   9   1     1    6   0   12   8  13     1    2   0   15   6  10     0    0   0           0       0       0       0          0        0        0
* 3  13   4  13     0    0   0   14   6  10     0    0   0   14   9  12     0    0   0           0       0       0       0          0        0        0
* 1  14  10   0     0    0   0                                                                   0       0       0       0          0        0        0
* 1  15  11   8     0    0   0                                                                   0       0       0       0          0        0        0
* 1  11   9   1     1    6   0                                                                   0       0       0       0          0        0        0
* 1  15   7   9     0    0   0                                                                   0       0       0       0          0        0        0
* 1  15   7   8     0    0   0                                                                   0       0       0       0          0        0        0
* 1  15   6  11     0    0   0                                                                   0       0       0       0          0        0        0
