* 3  11   5   2     1    2   0   12   6  12     1    2   0   13   9  10     0    2   0           1       0       0      10          0        0   0.0873
* 3  13   5  12     0    2   0   14  11   0     0    0   0   15   7   0     0    0   0           1       0       1      11       0.08        0     0.08
* 1  12   6   2     1    2   0                                                                   1       0       0      12          0        0   0.0769
* 2  13   6  13     0    2   0   15   7   2     0    0   0                                       1       0       1      13       0.07        0     0.07
* 3  13   5  13     0    2   0   15   6  13     0    0   0   15   7   0     0    0   0           1       0       3      16      0.169        0   0.0565
* 3  10   6  12     1    6   0   12   6  12     1    2   0   14   6  10     0    0   0           1       0       0      17          0        0   0.0533
* 1  11  12   1     1    e   0                                                                   1       0       6      18      0.316        0   0.0526
* 2  14  11   0     0    0   0   15   7   0     0    0   0                                       1       0       5      24      0.196        0   0.0392
* 2  13   5  13     0    2   0   15   6  13     0    0   0                                       1       0       0      27          0        0    0.035
* 3  14  11   0     0    0   0   15   6  13     0    0   0   15   7   1     0    0   0           1       0       5      28      0.166        0   0.0331
* 3  13   5  12     0    2   0   15   7   1     0    0   0   15   9   8     0    0   0           1       0       5      37      0.126        0   0.0253
* 2  13   6  13     0    2   0   15   7   0     0    0   0                                       2       0       2      14      0.122        0    0.122
* 3  13   5  13     0    2   0   14   6  10     0    0   0   15   6  12     0    0   0           2       0       1      19     0.0457        0   0.0914
* 2  13   9  10     0    2   0   15   7   0     0    0   0                                       2       0       1      25     0.0363        0   0.0726
* 3  13   9  11     0    2   0   14   7   6     0    0   0   15   7   0     0    0   0           2       0      26     240      0.103        0  0.00793
* 3  12   6  13     1    2   0   13   5  12     0    2   0   14   6  10     0    0   0           3       0       0      21          0        0     0.12
* 3  14   6  10     0    0   0   15   8  12     0    0   0   15   9   9     0    0   0           3       0       5      46      0.098        0   0.0588
* 2  15   6  12     0    0   0   15   8  13     0    0   0                                       3       0       5      64     0.0731        0   0.0439
* 3  12   6  12     1    2   0   13   6  12     0    2   0   15   8  13     0    0   0           3       0       9      67      0.123        0   0.0411
* 3  13   5  12     0    2   0   13   6  12     0    2   0   15   7   0     0    0   0           3       0      14      87      0.149        0    0.032
* 3  12   6  13     1    2   0   14   6  10     0    0   0   15   7   0     0    0   0           4       0       6      29      0.175        0    0.116
* 3  13   5  12     0    2   0   14   6  10     0    0   0   15   8  13     0    0   0           4       0       2      33     0.0519        0    0.104
* 2  12   6  13     1    2   0   13   5  13     0    2   0                                       4       0       1      38     0.0233        0   0.0933
* 3  12   6  12     1    2   0   13   5  13     0    2   0   14   6  10     0    0   0           4       0       0      42          0        0   0.0835
* 3   7   7   2     1    e   1   13   6  12     0    2   0   15   7   1     0    0   0           4       0       4      60       0.06        0     0.06
* 3  14   6  10     0    0   0   15   6  12     0    0   0   15   8  12     0    0   0           8       0      11      70      0.135        0   0.0985
* 2  15   8  10     0    0   0   15   9   9     0    0   0                                       8       0       4     180     0.0209        0   0.0417
* 3  11   5   2     1    2   0   11   5   2     1    2   0   13   5  12     0    2   0           9       0       8      78     0.0883        0   0.0993
* 3  13   5  13     0    2   0   15   7   0     0    0   0   15   8  12     0    0   0          11       0       4      49      0.064        0    0.176
* 1   7   7   2     1    e   1                                                                  14       0      40     112      0.317        0    0.111
* 2  13   6  12     0    2   0   15   7   0     0    0   0                                      16       0      18     126      0.124        0     0.11
* 3  13   5  12     0    2   0   15   6  13     0    0   0   15   9   8     0    0   0          22       0      13      90      0.111        0    0.189
* 3  13   5  12     0    2   0   14   6  10     0    0   0   15   8  12     0    0   0          26       0      45     242      0.161        0   0.0931
* 3  13   5  13     0    2   0   15   6  13     0    0   0   15   9   8     0    0   0          33       0      30     268     0.0957        0    0.105
* 3  14   6  10     0    0   0   15   6  12     0    0   0   15   9   9     0    0   0          38       0      29     142      0.155        0    0.203
* 2  13   5  13     0    2   0   15   7   0     0    0   0                                      52       0      33     188      0.135        0    0.212
* 3  14   6  10     0    0   0   15   6  13     0    0   0   15   9   9     0    0   0          57       0      46     301      0.123        0    0.153
* 3  13   5  12     0    2   0   15   6  12     0    0   0   15   9   8     0    0   0          65       0      29     457     0.0533        0     0.12
* 1  13   5  13     0    2   0                                                                  99       0      26     358     0.0569        0    0.217
* 1  13   6  10     0    2   0                                                                 182       0      79     522      0.112        0    0.259
* 2  15   6  12     0    0   0   15   9   8     0    0   0                                     459       0      45    1166     0.0271        0    0.277
* 2  15   6  13     0    0   0   15   9   8     0    0   0                                     462       0      54     704     0.0454        0    0.388
* 2  14   6  10     0    0   0   15   9   9     0    0   0                                     998       0      95    1625     0.0355        0    0.373
* 2  15   7   2     0    0   0   15   9   8     0    0   0                                    1797       0     584    2623      0.129        0    0.398
* 1   7   8   2     1    e   1                                                                7052       0      24    4420    0.00209        0    0.615
* 1  15   8  11     0    0   0                                                               25479       0      21   11472   0.000568        0     0.69
* 1  15   9   8     0    0   0                                                              517834       0     444   36951     0.0008        0    0.933
