* 3   7   8   2     1    e   1   10   6   3     1    6   0   14   7   3     1    0   0           0       0       0       0          0        0        0
* 3  13   6  11     0    2   0   15   7   8     0    0   0   15  11   8     0    0   0           0       0       0       0          0        0        0
* 3   7   8   2     1    e   1   10   6   3     1    6   0   14   5  13     0    0   0           0       0       0       0          0        0        0
* 4  10   6   3     1    6   0   13   5  13     0    2   0   13   6  10     0    2   0   15   7   0     0    0   0           0       0       0       0          0        0        0
* 1   8   5   2    21    2   0                                                                   0       0       0       0          0        0        0
* 2  15   6  11     0    0   0   15  11   8     0    0   0                                       0       0       0       0          0        0        0
* 3   9   8   1     1    e   0   14   5  13     1    0   0   14   6  10     0    0   0           0       0       0       0          0        0        0
* 3  11   5   2     1    2   0   13   6  10     0    2   0   14   5  13     0    0   0           0       0       0       0          0        0        0
* 2  12   9   1     1    6   0   14   5  13     0    0   0                                       0       0       0       0          0        0        0
* 3   7   8   2     1    e   1   13   9  10     0    2   0   15   6  11     0    0   0           0       0       0       0          0        0        0
* 4  15   6  11     0    0   0   15   7   2     0    0   0   15   8  11     0    0   0   15   9   8     0    0   0           0       0       0       0          0        0        0
* 2  13   6  10     0    2   0   15   7   8     0    0   0                                       0       0       0       0          0        0        0
* 3  13   6  10     0    2   0   14   5  12     1    0   0   15   7   9     0    0   0           0       0       0       0          0        0        0
* 3   7   8   2     1    e   1    9   8   1     1    e   0   13   6  10     0    2   0           0       0       0       0          0        0        0
* 3  12   9   1     1    6   0   13   4   5     1    0   0   14   5  12     1    0   0           0       0       0       0          0        0        0
* 4  13   5  13     0    2   0   13   6  10     0    2   0   14   5  13     0    0   0   15   7   0     0    0   0           0       0       0       0          0        0        0
* 3   9   7   2     1    e   0   15   8  11     0    0   0   15   9   8     0    0   0           0       0       0       0          0        0        0
* 2  12   8   3     1    6   0   15   8  11     0    0   0                                       0       0       0       0          0        0        0
* 4  13   6  10     0    2   0   15   7   2     0    0   0   15   8  11     0    0   0   15   9   8     0    0   0           0       0       0       0          0        0        0
* 3   7   8   2     1    e   1    9   7   2     1    e   0   13   5  13     0    2   0           0       0       0       0          0        0        0
* 2  15   8  11     0    0   0   15   9   8     0    0   0                                       0       0       0       0          0        0        0
* 3  13   6  10     0    2   0   15   7   2     0    0   0   15   9   8     0    0   0           0       0       0       0          0        0        0
* 4  13   5  13     0    2   0   14   6  10     0    0   0   15   7   0     0    0   0   15   8  11     0    0   0           0       0       0       0          0        0        0
* 1  13   6  10     0    2   0                                                                   0       0       0       0          0        0        0
* 2  13   6  10     0    2   0   15   9   8     0    0   0                                       0       0       0       0          0        0        0
* 3   7   8   2     1    e   1   14   6  10     0    0   0   14  10  11     0    0   0           0       0       0       0          0        0        0
* 3  10   8   0     1    e   1   14   6  10     0    0   0   15   8  11     0    0   0           0       0       0       0          0        0        0
* 3  13   6  10     0    2   0   14   6  10     0    0   0   15   7   9     0    0   0           0       0       0       0          0        0        0
* 2  13   6  10     0    2   0   14   6  10     0    0   0                                       0       0       0       0          0        0        0
* 2  14   5  13     0    0   0   15   6  11     0    0   0                                       0       0       0       0          0        0        0
* 2  13   5  12     1    2   0   14   6  10     0    0   0                                       0       0       0       0          0        0        0
* 3  13   6  10     0    2   0   15   9   8     0    0   0   15  11   8     0    0   0           0       0       0       0          0        0        0
* 4  13   6  10     0    2   0   15   7   2     0    0   0   15   9   8     0    0   0   15  11   8     0    0   0           0       0       0       0          0        0        0
* 3  13   5  13     1    2   0   14   5  12     1    0   0   14   6  10     0    0   0           0       0       0       0          0        0        0
* 3  14   6  10     0    0   0   15   6  11     0    0   0   15   8  11     0    0   0           0       0       0       0          0        0        0
* 3  10   8   0     1    e   1   13   5  12     0    2   0   14   6  10     0    0   0           0       0       0       0          0        0        0
* 3  13   5  12     1    2   0   14   6  10     0    0   0   15   6  11     0    0   0           0       0       0       0          0        0        0
* 1  14   5  13     0    0   0                                                                   0       0       0       0          0        0        0
* 3  13   5  13     1    2   0   14   6  10     0    0   0   15   6  11     0    0   0           0       0       0       0          0        0        0
* 1  14   6  10     0    0   0                                                                   0       0       0       0          0        0        0
* 1  15  11   8     0    0   0                                                                   0       0       0       0          0        0        0
