* 1  11   5   2     1    2   0                                                                   2       0      36     124      0.286        0   0.0159
* 1  13   9  10     0    2   0                                                                   2       0       5     126     0.0391        0   0.0156
* 1  10  10   1     1    e   0                                                                   2       0      29     128      0.223        0   0.0154
* 1  14   7   0     1    0   0                                                                   3       0      34     121      0.274        0   0.0242
* 1  12   8  10     0    6   0                                                                   3       0       9     252     0.0353        0   0.0118
* 1  10   8   3     1    e   1                                                                   4       0      34     116      0.283        0   0.0333
* 2   5   7   2     1    e   1   14   7   1     1    0   0                                       4       0      38     200      0.183        0   0.0192
* 1   9   7   2     1    e   0                                                                   6       0      26     137      0.182        0    0.042
* 1  14   8   1     1    0   0                                                                   7       0      51     130      0.372        0   0.0511
* 1  12   7   1     1    6   0                                                                  10       0      33     143      0.216        0   0.0654
* 1  13   6  10     0    2   0                                                                  10       0      11     190      0.055        0     0.05
* 1  11  12   1     1    e   0                                                                  11       0      21     179      0.111        0   0.0579
* 1  11   6   2     1    2   0                                                                  11       0      92     204      0.428        0   0.0512
* 1  10  10   1     1    e   1                                                                  11       0     137     255      0.515        0   0.0414
* 1  14   5  12     0    0   0                                                                  15       0     104     324      0.307        0   0.0442
* 2   5   7   2     1    e   1   14   6   2     1    0   0                                      18       0      61     216      0.255        0   0.0754
* 1   9  11   1     1    e   1                                                                  18       0      20     234     0.0794        0   0.0714
* 1  15   6  10     0    0   0                                                                  18       0     244     266      0.859        0   0.0634
* 1  10   8   1     1    e   0                                                                  18       0      86     339      0.241        0   0.0504
* 1  13   5   3     1    2   0                                                                  19       0      62     284      0.205        0   0.0627
* 1  12   6   3     1    2   0                                                                  21       0      38     303      0.117        0   0.0648
* 1  13   5  12     0    2   0                                                                  21       0      45     357      0.119        0   0.0556
* 2   8   8   1     1    e   1   13   8   0     1    2   0                                      26       0      18     153     0.0985        0    0.142
* 1  13   8   0     1    2   0                                                                  35       0     120     468      0.239        0   0.0696
* 1   9   8   2     1    e   1                                                                  38       0      67     378      0.161        0   0.0913
* 1  12   9   1     1    6   0                                                                  50       0      55     559     0.0903        0   0.0821
* 1  14  10   0     0    0   0                                                                  50       0      41     609     0.0622        0   0.0759
* 2   9   7   2     1    e   1   10   8   2     1    e   1                                      52       0     248     416      0.519        0    0.109
* 1  13   9   1     1    2   0                                                                  56       0     120     503      0.215        0      0.1
* 1  14   6   3     1    0   0                                                                  72       0     312     870      0.331        0   0.0764
* 1  11   7   1     1    e   0                                                                  92       0     347     659      0.462        0    0.123
* 2   5   7   2     1    e   1   13   8   0     1    2   0                                     100       0     217     942      0.204        0    0.094
* 1   9   7   2     1    e   1                                                                 119       0     559     751      0.643        0    0.137
* 1  14   5   0     1    0   0                                                                 145       0     753    1042      0.634        0    0.122
* 1  13   4   1     1    0   0                                                                 275       0     276    1187      0.189        0    0.188
* 1  13   5   2     1    2   0                                                                 363       0    1366    2203      0.532        0    0.141
* 2   5   7   2     1    e   1   14   6   3     1    0   0                                     366       0     548    1462      0.294        0    0.196
* 1  14   6   2     1    0   0                                                                 375       0    1054    1828      0.478        0     0.17
* 1   9   8   3     1    e   1                                                                 826       0     346    2566      0.102        0    0.244
* 1  15   8  10     0    0   0                                                                 997       0    2613    3392      0.595        0    0.227
* 1   9   9   1     1    e   1                                                                1193       0    1126    4389      0.202        0    0.214
* 2   8   8   1     1    e   1   13   8   2     1    2   0                                    3112       0     655    5582     0.0738        0    0.351
* 2   5   7   2     1    e   1    9   8   2     1    e   1                                    3395       0    1825    8694      0.148        0    0.275
* 1  10   7  12     1    e   0                                                                7233       0    4114   12089      0.213        0    0.374
* 1  11   9   1     1    e   0                                                               15866       0    2678   19322     0.0761        0    0.451
* 2   9   8   2     1    e   1   10   8   2     1    e   1                                   31664       0   11333   35188      0.166        0    0.464
* 1  13   5   1     1    0   0                                                               41011       0   41632   66852      0.386        0     0.38
* 1  14   7   1     1    0   0                                                               80577       0   85177  107863      0.452        0    0.428
* 1  15  10  10     0    0   0                                                               86253       0  100492  188440      0.366        0    0.314
* 1   5   7   2     1    e   1                                                              271254       0  266435  274693      0.488        0    0.497
