* 1  11   6   1     1    6   0                                                                  11       0     246    1059       0.23        0   0.0103
* 1   9   7   1     1    e   1                                                                  28       0     496    1191      0.407        0    0.023
* 2  11   6   1     1    6   0   11   7   1     1    e   0                                      29       0     188    1162      0.155        0   0.0239
* 3   9   9   1     1    e   1   11   7   1     1    e   0   14   8   1     1    0   0          30       0     429    1070      0.374        0   0.0262
* 3   9   8   1     1    e   1    9   9   1     1    e   1   11   9   1     1    e   0          30       0     221    1100      0.188        0   0.0255
* 3   9   7   1     1    e   1    9   8   1     1    e   1    9   9   1     1    e   1          32       0     248    1130      0.205        0   0.0264
* 3   9   7   1     1    e   1   10  10   1     1    e   0   11   7   1     1    e   0          34       0     143    1267      0.106        0   0.0251
* 2  10   9   2     1    e   0   14   8   1     1    0   0                                      42       0     444    1934       0.22        0   0.0208
* 2   9   8   1     1    e   1   10   6   2     1    6   0                                      43       0       9    1427      0.006        0   0.0287
* 2   9   7   1     1    e   1   11   5   2     1    2   0                                      45       0     200    1301      0.146        0   0.0328
* 3   9   8   1     1    e   1    9   9   1     1    e   1   13   5   0     1    2   0          48       0     521    1219      0.395        0   0.0364
* 2   9   9   1     1    e   1   14   8   1     1    0   0                                      51       0     647    1554      0.395        0   0.0311
* 2  13   5   0     1    2   0   14   8   1     1    0   0                                      71       0     449    1605      0.263        0   0.0415
* 3  11   7   1     1    e   0   11   9   1     1    e   0   14   8   1     1    0   0          81       0     194    1346      0.131        0   0.0545
* 2  11   7   1     1    e   0   14   8   1     1    0   0                                      83       0     469    1976      0.223        0   0.0395
* 2  11   5   2     1    2   0   11   6   1     1    6   0                                      83       0     344    2256      0.144        0   0.0348
* 2   9   8   1     1    e   1   13   4   1     1    0   0                                      84       0     351    1470      0.221        0    0.053
* 1   9   9   1     1    e   1                                                                 104       0     392    1676       0.22        0   0.0584
* 2  11   6   1     1    6   0   13   4   1     1    0   0                                     154       0     116    1780     0.0588        0    0.078
* 2   9   8   1     1    e   1   11   6   1     1    6   0                                     197       0     306    2059      0.133        0   0.0856
