* 2   5   7   2     1    e   1   13   5   0     1    2   0                                      26       0     721    2745      0.255        0   0.0092
* 2  13   5   0     1    2   0   14   7   1     1    0   0                                      46       0     520    2567      0.195        0   0.0173
* 2   9   9   1     1    e   1   15   5  10     0    0   0                                      46       0    1078    2771      0.375        0    0.016
* 3   5   7   2     1    e   1   15   5  10     0    0   0   15   6  10     0    0   0          52       0     272    3110     0.0826        0   0.0158
* 2  13   6   1     1    2   0   15   6  10     0    0   0                                      64       0     376    2681      0.134        0   0.0228
* 3   5   7   2     1    e   1   10   7   2     1    e   1   14   5   2     1    0   0          65       0    1170    3045      0.361        0   0.0201
* 3   5   7   2     1    e   1   13   5   0     1    2   0   14   6   2     1    0   0          66       0     782    3494      0.211        0   0.0178
* 3   5  10   2     1    e   1   14   6   2     1    0   0   15   5  10     0    0   0          67       0     804    2978      0.253        0   0.0211
* 1  10   8   1     1    e   1                                                                  68       0    1455    2613      0.543        0   0.0254
* 3  13   6   1     1    2   0   13   8   1     1    2   0   13   9   1     1    2   0          70       0     487    2908      0.157        0   0.0226
* 3   5   7   2     1    e   1   14   7   1     1    0   0   15   5  10     0    0   0          91       0     583    2817      0.192        0     0.03
* 3  10   8   1     1    e   1   14   7   1     1    0   0   15   5  10     0    0   0          92       0     776    3263      0.222        0   0.0263
* 3   5   9   2     1    e   1   14   5   2     0    0   0   15   5  10     0    0   0          99       0     385    3560      0.101        0    0.026
* 3   5   7   2     1    e   1   14   5   2     1    0   0   14   7   1     1    0   0          99       0     794    4003      0.186        0   0.0232
* 3   5   7   2     1    e   1    9   8   2     1    e   1   10   7   2     1    e   0         101       0     324    3162     0.0953        0   0.0297
* 2  13   8   1     1    2   0   14   6   2     1    0   0                                     107       0    1301    3896      0.319        0   0.0262
* 3   5   7   2     1    e   1    9   7   1     1    e   1   14   5   2     1    0   0         108       0    1044    3788      0.257        0   0.0266
* 3   9   7   1     1    e   1   13   5   0     1    2   0   15   5  10     0    0   0         129       0    1271    3659      0.322        0   0.0327
* 2   5   7   2     1    e   1   15   6  10     0    0   0                                     139       0     322    3355     0.0903        0    0.039
* 3   5  10   2     1    e   1   11   7   1     1    e   0   15   5  10     0    0   0         141       0     976    4421      0.205        0   0.0297
* 3   5   7   2     1    e   1    9   7   1     1    e   1    9   8   2     1    e   1         147       0    1206    4274      0.262        0   0.0319
* 3   5   7   2     1    e   1   13   5   0     1    2   0   15   6  10     0    0   0         172       0    1097    4102      0.246        0   0.0386
* 3   5  10   2     1    e   1   10   9   1     1    e   1   15   6  10     0    0   0         195       0    1215    5071      0.221        0   0.0355
* 3   5   7   2     1    e   1    9   7   1     1    e   1   15   5  10     0    0   0         223       0    1065    4848      0.202        0   0.0422
* 3   7   7   1     1    e   1   12   7   1     1    6   0   15   6  10     0    0   0         236       0    1233    5266      0.215        0   0.0412
* 3   5   9   2     1    e   1    7   7   1     1    e   1   15   8  10     0    0   0         277       0    1585    5502      0.263        0    0.046
* 3   5  10   2     1    e   1   14   5   2     1    0   0   15   6  10     0    0   0         286       0     915    4562      0.181        0   0.0566
* 3   9   8   2     1    e   1   15   5  10     0    0   0   15   6  10     0    0   0         333       0    3159    7268      0.399        0   0.0421
* 3   5  10   2     1    e   1   14   7   1     1    0   0   15   6  10     0    0   0         359       0    1314    5779      0.206        0   0.0561
* 3   5  10   2     1    e   1   13   8   1     1    2   0   15   5  10     0    0   0         362       0    2191    6906      0.289        0   0.0478
* 3   5   7   2     1    e   1   10   7   2     1    e   1   15   5  10     0    0   0         376       0    2356    6530      0.328        0   0.0523
* 3   5  10   2     1    e   1    9   7   1     1    e   1   15   5  10     0    0   0         392       0    1850    6138      0.272        0   0.0576
* 3   9   7   1     1    e   1    9   8   2     1    e   1   15   5  10     0    0   0         409       0    2883    7601      0.346        0    0.049
* 3  10   7   2     1    e   1   15   5  10     0    0   0   15   6  10     0    0   0         513       0    2893    8010      0.326        0   0.0578
* 1  11   5   2     1    2   0                                                                 600       0    2370    9806      0.228        0   0.0577
* 2  10   8   1     1    e   1   15   6  10     0    0   0                                     625       0    2103    9181       0.21        0   0.0625
* 3   5   7   2     1    e   1   15   6  10     0    0   0   15   8  10     0    0   0         658       0    1166    8523      0.122        0   0.0688
* 3  15   6  10     0    0   0   15   8  10     0    0   0   15  10  10     0    0   0        1009       0    1594   10406      0.134        0   0.0849
