* 2  13   8   1     1    2   0   13   9   1     1    2   0                                      20       0     179    2123     0.0819        0  0.00915
* 3   5   7   2     1    e   1   14   6   3     1    0   0   14   8   1     1    0   0          22       0      35    2079      0.016        0   0.0101
* 3   7   7   2     1    e   1    9   9   2     1    e   1   12   7   1     1    6   0          22       0    1143    2101      0.517        0  0.00995
* 3   9   9   2     1    e   1   15   5   4     0    0   0   15   6  10     0    0   0          23       0    1303    2170       0.57        0   0.0101
* 3   5  10  14     1    e   1    9   7   2     1    e   1   10  10   1     1    e   1          23       0     149    2193     0.0645        0  0.00996
* 3  14   6   3     1    0   0   14   8   1     1    0   0   15   8  10     0    0   0          25       0     258    2054      0.119        0   0.0115
* 3   7   7   2     1    e   1    9   8   2     1    e   1   12   7   1     1    6   0          27       0     596    2143      0.264        0   0.0119
* 3   9   7   2     1    e   1    9   8   2     1    e   1   14   6   2     1    0   0          27       0     188    2259      0.079        0   0.0113
* 3   5   7   2     1    e   1    8   8   2     1    e   1   13   6   1     1    2   0          28       0      43    2618     0.0156        0   0.0102
* 3   5   7   2     1    e   1   10   7   3     1    e   1   13   6   1     1    2   0          29       0     302    2286      0.125        0    0.012
* 2   5   7   2     1    e   1   11   5   2     1    2   0                                      29       0      27    2315     0.0113        0   0.0121
* 3   5   7   2     1    e   1   14   5   2     1    0   0   14   7   0     1    0   0          32       0      35    2344     0.0141        0   0.0129
* 1  14   8   1     1    0   0                                                                  33       0     419    2494      0.166        0   0.0131
* 3   8   8   2     1    e   1   10   7   2     1    e   0   14   8   1     1    0   0          33       0     496    2782      0.169        0   0.0113
* 1  14   6   3     1    0   0                                                                  35       0     156    2747     0.0561        0   0.0126
* 3   5   7   2     1    e   1    5  10  14     1    e   1   15   5   4     0    0   0          36       0      29    2376     0.0115        0   0.0143
* 3  10   7   3     1    e   0   13   6   1     1    2   0   15   6  10     0    0   0          37       0     299    2412      0.117        0   0.0145
* 3   5   7   2     1    e   1    9   8   2     1    e   1   10   7   3     1    e   1          43       0      98    2216     0.0416        0   0.0183
* 1  15  10  10     0    0   0                                                                  44       0      67    2527     0.0261        0   0.0171
* 3   5   7   2     1    e   1    8   8   2     1    e   1   15   5   5     0    0   0          44       0      42    2703     0.0147        0   0.0154
* 3  10   7   2     1    e   0   13   5   3     1    2   0   15   6  10     0    0   0          44       0    1685    3178      0.502        0   0.0131
* 3   5   7   2     1    e   1    8   8   2     1    e   1   11   7   1     1    e   0          45       0      37    2449     0.0142        0   0.0173
* 3   8   8   2     1    e   1   11   7   1     1    e   0   13   8   1     1    2   0          47       0      53    2571     0.0194        0   0.0172
* 3  14   5   2     1    0   0   15   8  10     0    0   0   15  10  10     0    0   0          48       0     217    3065     0.0669        0   0.0148
* 3   8   8   2     1    e   1    9   7   2     1    e   1   10   7   2     1    e   0          53       0      40    2815     0.0134        0   0.0177
* 2  10   7   3     1    e   1   14   5   2     1    0   0                                      57       0     309    2646      0.112        0   0.0207
* 3   5   7   2     1    e   1    8   8   2     1    e   1   15   5   4     0    0   0          62       0      48    3469     0.0131        0   0.0169
* 3   7   7   2     1    e   1   12   7   1     1    6   0   14   5   2     1    0   0          64       0     400    2868      0.131        0    0.021
* 3   5   7   2     1    e   1    5  10  14     1    e   1   15  10  10     0    0   0          64       0      64    3001       0.02        0     0.02
* 3   9   7   2     1    e   1    9   8   2     1    e   1   13   6   1     1    2   0          65       0     333    3113      0.101        0   0.0196
* 2  11   7   1     1    e   0   14   5   2     1    0   0                                      66       0     319    3612      0.085        0   0.0176
* 2  14   6   2     1    0   0   15  10  10     0    0   0                                      69       0     259    2932     0.0846        0   0.0225
* 3  15   6  10     0    0   0   15   8  10     0    0   0   15  10  10     0    0   0          73       0      58    3396     0.0161        0   0.0202
* 3   5   7   2     1    e   1   14   5   2     1    0   0   14   6   3     1    0   0          79       0      76    3678     0.0194        0   0.0202
* 3  10   7   3     1    e   1   10   8   3     1    e   1   13   5   2     1    2   0          80       0     473    3222      0.138        0   0.0233
* 3   9   7   2     1    e   1   10   7   3     1    e   1   13   5   3     1    2   0          81       0     643    3531      0.171        0   0.0215
* 3   5   7   2     1    e   1    8   8   2     1    e   1   14   8   1     1    0   0          88       0      70    4038     0.0163        0   0.0205
* 3   5   7   2     1    e   1    8   8   2     1    e   1   10   9   1     1    e   1          89       0      35    3949    0.00832        0   0.0212
* 3   9   7   2     1    e   1   10   7   3     1    e   1   13   5   2     1    2   0          91       0     695    3858      0.169        0   0.0221
* 3   5   7   2     1    e   1    8   8   2     1    e   1   10   6   2     1    6   0          94       0      39    3302      0.011        0   0.0266
* 3   5  10  14     1    e   1    8   8   2     1    e   1   13   8   1     1    2   0         101       0     142    3757     0.0353        0   0.0251
* 3   7   7   2     1    e   1   12   7   1     1    6   0   14   6   2     1    0   0         105       0     365    4126     0.0828        0   0.0238
* 3   5   7   2     1    e   1    8   8   2     1    e   1   13   5   2     1    2   0         114       0      56    4231     0.0124        0   0.0252
* 2   5   7   2     1    e   1    9   8   2     1    e   1                                     134       0      80    4345     0.0175        0   0.0293
* 3   9   7   2     1    e   1   10   7   2     1    e   0   13   5   2     1    2   0         140       0    1077    4479      0.224        0   0.0291
* 3   5  10  14     1    e   1   10   7   3     1    e   1   14   8   1     1    0   0         142       0     501    4619      0.101        0   0.0286
* 2  14   5   2     1    0   0   14   6   3     1    0   0                                     176       0     325    4761     0.0645        0   0.0349
* 2  10   7   3     1    e   1   10   8   3     1    e   1                                     197       0     200    5141     0.0367        0   0.0362
* 2  15   8  10     0    0   0   15  10  10     0    0   0                                     204       0     206    4937     0.0393        0   0.0389
