* 2   5   7   2     1    e   1   10   7   2     1    e   1                                       2       0       3      99     0.0291        0   0.0194
* 2  10   7   2     1    e   1    9   7   2     1    e   1                                       2       0      10     101     0.0951        0    0.019
* 2  14   5   2     1    0   0   15   5  10     0    0   0                                       2       0      14     137     0.0987        0   0.0141
* 1  13   4   1     1    0   0                                                                   2       0       6     152      0.039        0    0.013
* 1   9   8   2     1    e   1                                                                   3       0       9      93     0.0938        0   0.0312
* 2   9   8   2     1    e   1   14   5   2     1    0   0                                       3       0      28      96      0.277        0   0.0297
* 3   5   7   2     1    e   1   10   7   2     1    e   1   14   5   2     1    0   0           3       0      12     115     0.0976        0   0.0244
* 3   5   7   2     1    e   1    9   7   2     1    e   1   10   7   3     1    e   1           3       0      13     143     0.0855        0   0.0197
* 1  14   8   1     1    0   0                                                                   4       0      17      89      0.183        0    0.043
* 3   5   7   2     1    e   1    9   8   2     1    e   1   10   7   2     1    e   1           4       0       8     111     0.0668        0   0.0334
* 2   5   7   2     1    e   1   10   7   3     1    e   1                                       4       0       7     118     0.0562        0   0.0321
* 2  10   7   2     1    e   1   14   5   2     1    0   0                                       4       0      25     128      0.186        0   0.0297
* 2  10   7   2     1    e   1   14   5   3     1    0   0                                       4       0      18     139      0.123        0   0.0274
* 2   5   7   2     1    e   1   14   5   3     1    0   0                                       5       0      10     132     0.0715        0   0.0358
* 3   5   7   2     1    e   1    9   8   2     1    e   1   14   5   2     1    0   0           6       0      32     122       0.24        0    0.045
* 1  14   5   3     1    0   0                                                                   6       0      27     146      0.178        0   0.0395
* 1  14   7   1     1    0   0                                                                   7       0      29     154       0.18        0   0.0435
* 2   7   7   2     1    e   1   12   7   1     1    6   0                                       7       0      34     184      0.174        0   0.0359
* 1  13   8   2     1    2   0                                                                   8       0      23     103      0.207        0   0.0721
* 1  13   9   1     1    2   0                                                                  10       0       8     161     0.0468        0   0.0585
* 2   7   7   2     1    e   1   15   8  10     0    0   0                                      12       0      18     206     0.0809        0   0.0539
* 3   5   7   2     1    e   1   10   7   2     1    e   1   13   5   1     1    2   0          13       0      19     171     0.0991        0   0.0678
* 2  10   8   2     1    e   1   13   5   1     1    2   0                                      15       0      25     191      0.119        0   0.0714
* 3   7   7   2     1    e   1   12   7   1     1    6   0   14   5   2     1    0   0          19       0      36     218      0.146        0    0.077
