* 2  10  10   1     1    e   1   14   5   1     1    0   0                                       2       0      15     162     0.0896        0    0.012
* 2  10   8   2     1    e   1   13   5   1     1    2   0                                       2       0       4     179     0.0217        0   0.0108
* 2  10   7   2     1    e   1   14   5   1     1    0   0                                       3       0      16     166     0.0928        0   0.0174
* 2   9   7   2     1    e   1   14   6   2     1    0   0                                       3       0      10     169      0.057        0   0.0171
* 2   8   8   1     1    e   1   14   7   1     1    0   0                                       3       0       6     176     0.0328        0   0.0164
* 2   5   7   2     1    e   1   10   7   3     1    e   1                                       4       0       4     172     0.0223        0   0.0223
* 2   5  10   2     1    e   1   10  10   1     1    e   1                                       4       0       3     186     0.0155        0   0.0206
* 3   5   7   2     1    e   1    8   8   1     1    e   1   10   7   2     1    e   1           4       0       4     190     0.0198        0   0.0198
* 1   7   7   2     1    e   1                                                                   5       0       0     181          0        0   0.0269
* 2   5  10   2     1    e   1   14   8   1     1    0   0                                       5       0       3     194     0.0148        0   0.0246
* 2   5  10   2     1    e   1   14   5   1     1    0   0                                       5       0       4     199     0.0192        0    0.024
* 2   8   8   1     1    e   1   11   9   1     1    e   0                                       8       0       5     204     0.0231        0    0.037
* 2   9   7   2     1    e   1   10  10   1     1    e   1                                      10       0       1     212    0.00441        0   0.0441
