* 3   5  10   2     1    e   1   12   7   1     1    6   0    7   7  10     1    e   1         171       0     375   18446     0.0193        0  0.00882
* 2   8   8   1     1    e   1   10   8   2     1    e   1                                     177       0     428   19876     0.0209        0  0.00865
* 3   7   7  10     1    e   1   15   8  10     0    0   0    5   9   2     1    e   1         181       0     611   18617     0.0312        0  0.00924
* 2  12   7   2     1    6   0    7   7   2     1    e   1                                     190       0     468   20271     0.0224        0   0.0091
* 3   5  10   2     1    e   1   13   6   1     1    2   0    6   8   2     1    e   1         192       0     973   18798     0.0492        0  0.00971
* 2   5   7   2     1    e   1   14   5   3     1    0   0                                     218       0     267   19382     0.0134        0   0.0109
* 3  12   7   1     1    6   0    7   7  10     1    e   1    5   9   2     1    e   1         218       0     451   20053     0.0214        0   0.0103
* 3   5   7   2     1    e   1    9   8   2     1    e   1   14   5   2     1    0   0         239       0    6946   18990      0.347        0   0.0119
* 2  15   8  12     0    0   0    7   7   2     1    e   1                                     276       0    1018   19600     0.0502        0   0.0136
* 2  15   8  13     0    0   0    7   7   2     1    e   1                                     333       0    1019   20461      0.048        0   0.0157
