* 1   9   7   2    21    e   0                                                                   0       0       0       0          0        0        0
* 1   9   8   2    21    e   0                                                                   0       0       0       0          0        0        0
* 1  12   7   2     1    6   0                                                                   0       0       0       0          0        0        0
* 1  13  11   1     1    2   0                                                                   0       0       0       0          0        0        0
* 1  10   9   1     1    e   1                                                                   0       0       0       0          0        0        0
* 1  14   6   3     1    0   0                                                                   0       0       0       0          0        0        0
* 1  13   8  14     1    2   0                                                                   0       0       0       0          0        0        0
* 1  10   8   3     1    e   1                                                                   0       0       0       0          0        0        0
* 1   7   7   2     1    e   1                                                                   0       0       0       0          0        0        0
* 1  11   7   1     1    e   0                                                                   0       0       0       0          0        0        0
* 1  13   9   1     1    2   0                                                                   0       0       0       0          0        0        0
* 1   5   9   2     1    e   1                                                                   0       0       0       0          0        0        0
* 1  14   7  14     1    0   0                                                                   0       0       0       0          0        0        0
* 1  15   8  10     0    0   0                                                                   0       0       0       0          0        0        0
* 1  10  10   1     1    e   1                                                                   0       0       0       0          0        0        0
* 1   9   7   2     1    e   1                                                                   0       0       0       0          0        0        0
* 1  15   5  14     0    0   0                                                                   0       0       0       0          0        0        0
* 1   6   7   3     1    e   1                                                                   0       0       0       0          0        0        0
* 1  14   8   1     1    0   0                                                                   0       0       0       0          0        0        0
* 1   5   9   3     1    e   1                                                                   0       0       0       0          0        0        0
* 1  13   8   0     1    2   0                                                                   0       0       0       0          0        0        0
* 1  15   5   0     0    0   0                                                                   0       0       0       0          0        0        0
* 1  13   5   1     1    2   0                                                                   0       0       0       0          0        0        0
* 1   9   8   2     1    e   1                                                                   0       0       0       0          0        0        0
* 1  13   4   2     1    0   0                                                                   0       0       0       0          0        0        0
* 1  10   7   2     1    e   1                                                                   0       0       0       0          0        0        0
* 1  14   7   0     1    0   0                                                                   0       0       0       0          0        0        0
* 1  10   8   2     1    e   1                                                                   0       0       0       0          0        0        0
* 1  13   6   1     1    2   0                                                                   0       0       0       0          0        0        0
* 1  14   6   2     1    0   0                                                                   0       0       0       0          0        0        0
* 1   5  10   2     1    e   1                                                                   0       0       0       0          0        0        0
* 1  14   5   2     1    0   0                                                                   0       0       0       0          0        0        0
* 1   6   8   2     1    e   1                                                                   0       0       0       0          0        0        0
* 1   6   7   2     1    e   1                                                                   0       0       0       0          0        0        0
