89
  0:   27047  27047  18378      0   8668      1  0.3205 0 0.6795   0
  1:   17292  17292   4760      0  12495     37  0.7247 0 0.2753   0
  2:   28412  28412   4507      0  22554   1351  0.8414 0 0.1586   0
 20:   23905  23905   2819      0  20818    268  0.8821 0 0.1179   0
  3:   21086  21086   2420      0  18622     44  0.8852 0 0.1148   0
 10:   18666  18666   1766      0  16791    109  0.9054 0 0.09461   0
  6:   16900  16900   1288      0  15538     74  0.9238 0 0.07621   0
 12:   14563  14563    981      0  13453    129  0.9326 0 0.06736   0
 11:   15612  15612   1049      0  14462    101  0.9328 0 0.06719   0
  4:   13582  13582    909      0   9081   3592  0.9331 0 0.06693   0
 21:   11310  11310    700      0  10415    195  0.9381 0 0.06189   0
  8:   12673  12673    744      0  10097   1832  0.9413 0 0.05871   0
 18:   10610  10610    581      0   7114   2915  0.9452 0 0.05476   0
 32:   10029  10029    522      0   8661    846  0.948 0 0.05205   0
 24:   11929  11929    619      0  11157    153  0.9481 0 0.05189   0
 13:    9043   9043    451      0   8541     51  0.9501 0 0.04987   0
 30:    9507   9507    464      0   8753    290  0.9512 0 0.04881   0
 50:    8592   8592    376      0   4445   3771  0.9562 0 0.04376   0
  5:    8216   8216    339      0   6363   1514  0.9587 0 0.04126   0
 38:    6034   6034    244      0   3646   2144  0.9596 0 0.04044   0
 31:    5790   5790    233      0   5184    373  0.9598 0 0.04024   0
 19:    7017   7017    277      0   6723     17  0.9605 0 0.03948   0
 28:    7299   7299    282      0   6944     73  0.9614 0 0.03864   0
 37:    7877   7877    301      0   5197   2379  0.9618 0 0.03821   0
 33:    6740   6740    255      0   6398     87  0.9622 0 0.03783   0
 26:    5557   5557    206      0   3975   1376  0.9629 0 0.03707   0
 25:    7576   7576    277      0   7276     23  0.9634 0 0.03656   0
 54:    6262   6262    228      0   5884    150  0.9636 0 0.03641   0
  7:    5351   5351    190      0   5141     20  0.9645 0 0.03551   0
 17:    6485   6485    223      0   5170   1092  0.9656 0 0.03439   0
 56:    4853   4853    164      0   4124    565  0.9662 0 0.03379   0
 53:    5010   5010    157      0   4817     36  0.9687 0 0.03134   0
 44:    4342   4342    129      0   2739   1474  0.9703 0 0.02971   0
 36:    5161   5161    151      0   4586    424  0.9707 0 0.02926   0
 42:    4126   4126    109      0   3527    490  0.9736 0 0.02642   0
 16:    4689   4689    119      0   3408   1162  0.9746 0 0.02538   0
 49:    4455   4455    113      0   2288   2054  0.9746 0 0.02536   0
 59:    4570   4570    115      0   4332    123  0.9748 0 0.02516   0
 39:    4017   4017     98      0   2851   1068  0.9756 0 0.0244   0
 62:    3757   3757     89      0   1909   1759  0.9763 0 0.02369   0
 65:    3919   3919     90      0   3752     77  0.977 0 0.02297   0
 14:    4213   4213     87      0   3298    828  0.9793 0 0.02065   0
 40:    3531   3531     72      0   3398     61  0.9796 0 0.02039   0
 41:    3668   3668     71      0   3484    113  0.9806 0 0.01936   0
 48:    3829   3829     72      0   3623    134  0.9812 0 0.0188   0
 68:    3597   3597     66      0   3419    112  0.9817 0 0.01835   0
 58:    3459   3459     63      0   3246    150  0.9818 0 0.01821   0

90
  0:  100024 100024  17324      0  82691      9  0.8268 0 0.1732   1
  2:  100024 100024   8984      0  86344   4696  0.9102 0 0.08982   1
  3:  100024 100024   5905      0  93759    360  0.941 0 0.05904   0
  1:  100024 100024   4841      0  94712    471  0.9516 0 0.0484   1
  4:  100024 100024   4237      0  70625  25162  0.9576 0 0.04236   0
 10:  100024 100024   3881      0  95471    672  0.9612 0 0.0388   0
  8:  100024 100024   3165      0  84341  12518  0.9684 0 0.03164   1
 46:  100024 100024   3075      0  80276  16673  0.9693 0 0.03074   0
  6:  100024 100024   3059      0  96193    772  0.9694 0 0.03058   0
 12:  100024 100024   3026      0  95713   1285  0.9697 0 0.03025   0
  7:  100024 100024   2934      0  96723    367  0.9707 0 0.02933   0
 16:  100024 100024   2899      0  74164  22961  0.971 0 0.02898   0
  9:  100024 100024   2820      0  96786    418  0.9718 0 0.02819   1
 24:  100024 100024   2665      0  95589   1770  0.9734 0 0.02664   0
 20:  100024 100024   2388      0  96664    972  0.9761 0 0.02387   0
 11:  100024 100024   2376      0  96784    864  0.9762 0 0.02375   0
 15:  100024 100024   2335      0  46004  51685  0.9767 0 0.02334   0
 18:  100024 100024   2268      0  71962  25794  0.9773 0 0.02267   0
 13:  100024 100024   2170      0  97405    449  0.9783 0 0.02169   0
 17:  100024 100024   2040      0  84280  13704  0.9796 0 0.0204   1
 35:  100024 100024   2013      0  97216    795  0.9799 0 0.02013   0
 29:  100024 100024   1838      0  95913   2273  0.9816 0 0.01838   0
 26:  100024 100024   1792      0  75845  22387  0.9821 0 0.01792   0
 25:  100024 100024   1780      0  98022    222  0.9822 0 0.0178   0
 61:  100024 100024   1764      0  97380    880  0.9824 0 0.01764   0
 31:  100024 100024   1754      0  93316   4954  0.9825 0 0.01754   0
 14:  100024 100024   1736      0  78776  19512  0.9826 0 0.01736   0
 28:  100024 100024   1718      0  97037   1269  0.9828 0 0.01718   0
 30:  100024 100024   1714      0  95392   2918  0.9829 0 0.01714   0
 65:  100024 100024   1646      0  97313   1065  0.9835 0 0.01646   0
 32:  100024 100024   1637      0  90184   8203  0.9836 0 0.01637   0
 23:  100024 100024   1571      0  97671    782  0.9843 0 0.01571   0
 19:  100024 100024   1451      0  98389    184  0.9855 0 0.01451   0
 40:  100024 100024   1446      0  97669    909  0.9855 0 0.01446   0
 34:  100024 100024   1346      0  97909    769  0.9865 0 0.01346   0
 53:  100024 100024   1343      0  98100    581  0.9866 0 0.01343   0
 50:  100024 100024   1330      0  55493  43201  0.9867 0 0.0133   0
 22:  100024 100024   1309      0  97511   1204  0.9869 0 0.01309   1
 36:  100024 100024   1306      0  92640   6078  0.9869 0 0.01306   0
 21:  100024 100024   1249      0  97360   1415  0.9875 0 0.01249   0
 37:  100024 100024   1238      0  68148  30638  0.9876 0 0.01238   0
 27:  100024 100024   1159      0  75642  23223  0.9884 0 0.01159   0
 54:  100024 100024   1113      0  96717   2194  0.9889 0 0.01113   0
 39:  100024 100024   1069      0  75313  23642  0.9893 0 0.01069   0
 33:  100024 100024   1065      0  98040    919  0.9894 0 0.01065   0
 71:  100024 100024   1018      0  73363  25643  0.9898 0 0.01018   0
 59:  100024 100024    936      0  96887   2201  0.9906 0 0.009358   0
  5:  100024 100024    418      0  82933  16673  0.9958 0 0.004179   0
 70:  100024 100024     97      0  99352    575  0.999 0 0.0009698   0

