89
  0:  2699806 2699806 1818575      0 881022    209  0.3264 0 0.6736   0
  1:  1753001 1753001 470560      0 1278305   4136  0.7316 0 0.2684   0
  2:  2882308 2882308 460958      0 2280659 140691  0.8401 0 0.1599   0
 20:  2421350 2421350 277575      0 2117695  26080  0.8854 0 0.1146   0
  3:  2143775 2143775 240569      0 1898351   4855  0.8878 0 0.1122   0
 10:  1903206 1903206 183097      0 1709601  10508  0.9038 0 0.0962   0
  6:  1720109 1720109 129068      0 1584257   6784  0.925 0 0.07503   0
 11:  1591041 1591041 107622      0 1473140  10279  0.9324 0 0.06764   0
  4:  1385838 1385838  91460      0 927661 366717  0.934 0 0.066   0
 12:  1483419 1483419  97581      0 1372709  13129  0.9342 0 0.06578   0
  8:  1294378 1294378  78981      0 1036371 179026  0.939 0 0.06102   0
 21:  1148023 1148023  68356      0 1062067  17600  0.9405 0 0.05954   0
 24:  1215397 1215397  67374      0 1132804  15219  0.9446 0 0.05543   0
 18:  1079667 1079667  59810      0 688930 330927  0.9446 0 0.0554   0
 32:  1019857 1019857  53412      0 873373  93072  0.9476 0 0.05237   0
 30:  966445 966445  46929      0 888525  30991  0.9514 0 0.04856   0
 13:  919516 919516  44392      0 869103   6021  0.9517 0 0.04828   0
 50:  875124 875124  40569      0 462336 372219  0.9536 0 0.04636   0
 37:  800085 800085  33055      0 554200 212830  0.9587 0 0.04131   0
  5:  834555 834555  34470      0 613320 186765  0.9587 0 0.0413   0
 25:  767030 767030  31121      0 733498   2411  0.9594 0 0.04057   0
 28:  735909 735909  29562      0 698856   7491  0.9598 0 0.04017   0
 19:  706347 706347  28012      0 677043   1292  0.9603 0 0.03966   0
 33:  678335 678335  24840      0 642878  10617  0.9634 0 0.03662   0
 17:  653495 653495  23195      0 525416 104884  0.9645 0 0.03549   0
 31:  586772 586772  20784      0 531776  34212  0.9646 0 0.03542   0
 54:  630300 630300  22325      0 593549  14426  0.9646 0 0.03542   0
 38:  607975 607975  21203      0 366539 220233  0.9651 0 0.03487   0
 26:  565988 565988  19018      0 382625 164345  0.9664 0 0.0336   0
  7:  546970 546970  18163      0 526674   2133  0.9668 0 0.03321   0
 36:  528807 528807  16837      0 467876  44094  0.9682 0 0.03184   0
 53:  511970 511970  15883      0 492379   3708  0.969 0 0.03102   0
 56:  496087 496087  14681      0 423868  57538  0.9704 0 0.02959   0
 16:  481406 481406  13524      0 342820 125062  0.9719 0 0.02809   0
 59:  467882 467882  12993      0 443452  11437  0.9722 0 0.02777   0
 49:  454889 454889  12441      0 237208 205240  0.9727 0 0.02735   0
 44:  442448 442448  11589      0 281253 149606  0.9738 0 0.02619   0
 42:  420699 420699  10436      0 362412  47851  0.9752 0 0.02481   0
 39:  410263 410263   9792      0 286036 114435  0.9761 0 0.02387   0
 65:  400471 400471   9532      0 384520   6419  0.9762 0 0.0238   0
 14:  430859 430859  10160      0 344104  76595  0.9764 0 0.02358   0
 48:  390939 390939   9056      0 368536  13347  0.9768 0 0.02316   0
 62:  381883 381883   8647      0 197198 176038  0.9774 0 0.02264   0
 68:  365132 365132   8072      0 348510   8550  0.9779 0 0.02211   0
 41:  373236 373236   8104      0 355616   9516  0.9783 0 0.02171   0
 40:  357060 357060   7471      0 343027   6562  0.9791 0 0.02092   0
 58:  349589 349589   6963      0 327582  15044  0.9801 0 0.01992   0

90
  0:  9997502 9997502 1725992      0 8270378   1132  0.8274 0 0.1726   91
  2:  9997502 9997502 899464      0 8621672 476366  0.91 0 0.08997   33
  3:  9997502 9997502 578610      0 9387242  31650  0.9421 0 0.05788   32
  1:  9997502 9997502 465222      0 9485115  47165  0.9535 0 0.04653   32
  4:  9997502 9997502 419130      0 7020434 2557938  0.9581 0 0.04192   24
 10:  9997502 9997502 360308      0 9582149  55045  0.964 0 0.03604   15
  8:  9997502 9997502 310107      0 8417051 1270344  0.969 0 0.03102   24
  6:  9997502 9997502 306224      0 9625540  65738  0.9694 0 0.03063   27
 12:  9997502 9997502 282242      0 9601396 113864  0.9718 0 0.02823   10
 16:  9997502 9997502 280715      0 7372834 2343953  0.9719 0 0.02808   11
  7:  9997502 9997502 277716      0 9687228  32558  0.9722 0 0.02778   13
  9:  9997502 9997502 276273      0 9676686  44543  0.9724 0 0.02763   24
 24:  9997502 9997502 272814      0 9561151 163537  0.9727 0 0.02729   7
 46:  9997502 9997502 244704      0 7808919 1943879  0.9755 0 0.02448   32
  5:  9997502 9997502 236167      0 7817456 1943879  0.9764 0 0.02362   32
 11:  9997502 9997502 233132      0 9684046  80324  0.9767 0 0.02332   3
 15:  9997502 9997502 223732      0 4557132 5216638  0.9776 0 0.02238   15
 14:  9997502 9997502 221551      0 7998314 1777637  0.9778 0 0.02216   22
 17:  9997502 9997502 210681      0 8398581 1388240  0.9789 0 0.02107   14
 18:  9997502 9997502 209966      0 6970441 2817095  0.979 0 0.021   10
 20:  9997502 9997502 209915      0 9699083  88504  0.979 0 0.021   6
 13:  9997502 9997502 205125      0 9742410  49967  0.9795 0 0.02052   11
 35:  9997502 9997502 188630      0 9728539  80333  0.9811 0 0.01887   8
 29:  9997502 9997502 179758      0 9583453 234291  0.982 0 0.01798   12
 25:  9997502 9997502 177100      0 9795530  24872  0.9823 0 0.01771   4
 28:  9997502 9997502 174386      0 9710229 112887  0.9826 0 0.01744   4
 30:  9997502 9997502 173339      0 9550328 273835  0.9827 0 0.01734   4
 61:  9997502 9997502 171769      0 9744630  81103  0.9828 0 0.01718   6
 31:  9997502 9997502 165545      0 9329973 501984  0.9834 0 0.01656   13
 26:  9997502 9997502 164858      0 7349392 2483252  0.9835 0 0.01649   8
 65:  9997502 9997502 163559      0 9736960  96983  0.9836 0 0.01636   15
 19:  9997502 9997502 159910      0 9820351  17241  0.984 0 0.01599   5
 32:  9997502 9997502 157933      0 8946101 893468  0.9842 0 0.0158   7
 40:  9997502 9997502 148150      0 9753557  95795  0.9852 0 0.01482   4
 23:  9997502 9997502 146873      0 9783634  66995  0.9853 0 0.01469   12
 36:  9997502 9997502 131513      0 9244320 621669  0.9868 0 0.01315   9
 50:  9997502 9997502 131076      0 5665847 4200579  0.9869 0 0.01311   3
 53:  9997502 9997502 128958      0 9812125  56419  0.9871 0 0.0129   3
 37:  9997502 9997502 128745      0 7053097 2815660  0.9871 0 0.01288   4
 34:  9997502 9997502 127925      0 9794640  74937  0.9872 0 0.0128   9
 22:  9997502 9997502 119925      0 9763363 114214  0.988 0 0.012   9
 27:  9997502 9997502 119496      0 7510212 2367794  0.988 0 0.01195   6
 21:  9997502 9997502 119368      0 9743147 134987  0.9881 0 0.01194   7
 54:  9997502 9997502 113303      0 9679802 204397  0.9887 0 0.01133   3
 39:  9997502 9997502 109296      0 7479286 2408920  0.9891 0 0.01093   3
 33:  9997502 9997502 108024      0 9792762  96716  0.9892 0 0.01081   7
 59:  9997502 9997502  95356      0 9696510 205636  0.9905 0 0.009538   2
 56:  9997502 9997502  87189      0 8802358 1107955  0.9913 0 0.008721   4
 38:  9997502 9997502  85708      0 6384307 3527487  0.9914 0 0.008573   4
 41:  9997502 9997502  81218      0 9749786 166498  0.9919 0 0.008124   3
 42:  9997502 9997502  81162      0 8862109 1054231  0.9919 0 0.008118   1
 66:  9997502 9997502  80478      0 9808180 108844  0.992 0 0.00805   10
 62:  9997502 9997502  73738      0 5704570 4219194  0.9926 0 0.007376   1
 49:  9997502 9997502  66960      0 5720866 4209676  0.9933 0 0.006698   2
 55:  9997502 9997502  60254      0 9930544   6704  0.994 0 0.006027   4
 43:  9997502 9997502  58800      0 7645083 2293619  0.9941 0 0.005881   3
 44:  9997502 9997502  53639      0 6565745 3378118  0.9946 0 0.005365   0
 45:  9997502 9997502  44056      0 9173135 780311  0.9956 0 0.004407   1

