
@49
* 1   9  20   4     0    2   0                                                                 105       0       0       0          0        0        1

@56
* 1   9  16   6     0    6   0                                                                  18       0       0       9          0        0    0.667
* 1  10  21   4     0    2   0                                                                1202       0       0      27          0        0    0.978

@57
* 1  10  11   6     0    6   0                                                                1789       0       0      27          0        0    0.985

@58
* 1  10  12   7     0    6   0                                                                  24       0       0       2          0        0    0.923
* 1  10  12   6     0    6   0                                                                1239       0       0      26          0        0    0.979

@59
# 3  12 24  13 15  13 16                                                                         7       0       0       2          0        0    0.716
* 1  10  13   9     0    6   0                                                                  29       0       0       9          0        0    0.763
* 1  10  14   6     0    6   0                                                                 726       0       0      38          0        0     0.95

@60
* 1   9  11   1     0    4   0                                                                   8       0       0      59          0        0    0.119
* 1  10  15   9     0    6   0                                                                  55       0       0     139          0        0    0.284
# 2  11 21  13 15                                                                               72       0       0      67          0        0    0.477
* 1  10  16   6     0    6   0                                                                 971       0       0     194          0        0    0.833

@61
* 1  11   6   0     1    2   0                                                                  25       0       0       0          0        0        1
* 1  10   6   0     1    2   0                                                                1409       0       0       0          0        0        1

@62
* 1  11  11   7     0    0   0                                                                   0       0       0       0          0        0        0
* 1  11  10   9     0    0   0                                                                  38       0       0       0          0        0        1
* 1  11  11   6     0    0   0                                                                6467       0       0      38          0        0    0.994

@63
* 1  11  12   9     0    0   0                                                                   2       0       0       5          0        0    0.286
* 1  11  12   8     0    0   0                                                                   2       0       0       7          0        0    0.222
* 1  10   7   8     0    0   0                                                                 497       0       0       9          0        0    0.982
* 1  12  17   0     0    0   0                                                                5125       0       0     506          0        0     0.91

@64
* 1  11  14   0     0    0   0                                                                  17       0       0      21          0        0    0.447
* 1  10   8  11     0    0   0                                                                  77       0       0      38          0        0     0.67
* 1  10   9   8     0    0   0                                                                3471       0       0     115          0        0    0.968

@65
* 2  10   8  13     0    e   0   10  11   3     0    e   0                                       0       0       0      63          0        0        0
* 2  10   8  13     0    e   0   10  11   2     0    e   0                                       1       0       0      69          0        0    0.014
* 2   8  10  10     0    e   1    9   5  13     0    e   1                                       2       0       0      67          0        0   0.0284
* 1   8  10  10     0    e   1                                                                   2       0       0      74          0        0   0.0263
* 2  10   8  12     0    e   0   10  11   2     0    8   0                                       4       0       0      59          0        0   0.0622
* 1  11  15   9     0    0   0                                                                   4       0       0      63          0        0   0.0597
* 2  10   8  12     0    e   0   10  11   3     0    e   0                                       4       0       0      70          0        0    0.053
* 1  10  10  11     0    0   0                                                                  83       0       0      76          0        0    0.522

@67
* 1  12  12   6     0    0   0                                                                   0       0       0      43          0        0        0
* 1  11   6  11     0    0   0                                                                  45       0       0      43          0        0    0.511
* 1  11   7   8     0    0   0                                                                3462       0       0      88          0        0    0.975

@68
* 3   6   7   2     1    e   0   10   8  10     0    e   0   11   7  10     1    e   0           0       0       0       0          0        0        0
* 2  11   6   2     0    a   0   11   8   8     0    4   0                                       0       0       0       0          0        0        0
* 2   7   5   2    21    2   0    9   5   1    21    2   0                                       0       0       0       0          0        0        0
* 2   7   5   2    21    2   0   10   5  13     1    2   0                                       0       0       0       0          0        0        0
* 1   8   5   2    21    2   0                                                                   4       0       0       0          0        0        1
* 1   7   5   2    21    2   0                                                                   7       0       0       4          0        0    0.636
* 1  10   8  10     0    e   0                                                                   9       0       0      11          0        0     0.45
* 1  11   8  15     0    e   0                                                                 736       0       0      20          0        0    0.974
* 1  11   8   0     0    0   0                                                                5087       0       0     756          0        0    0.871

@69
* 2   8   5   2    21    2   0   10   5   0     1    2   0                                     168       0       0     798          0        0     0.17
* 1  10   5   0     1    2   0                                                                1582       0       0     966          0        0    0.621

@70
* 2  11   9   2     0    4   0   11  10   8     0    4   0                                       1       0       0     220          0        0  0.00443
* 1  12  14   0     0    4   0                                                                   3       0       0     221          0        0   0.0134
* 1  11   9   9     0    e   0                                                                  51       0       0     224          0        0    0.185
* 1  11   9   8     0    e   0                                                                4735       0       0     275          0        0    0.945

@71
* 1  12   6  11     0    6   0                                                                   0       0       0       5          0        0        0
* 1  12   7   8     0    6   0                                                                 128       0       0       5          0        0    0.962
* 1  13  11   9     0    2   0                                                                6021       0       0     133          0        0    0.978

@72
* 3  11  10   8     0    4   0   12   9  10     0    4   0   12  10   4     0    6   0          12       0       0    1666          0        0  0.00687
* 3  11  10   8     0    4   0   12   7  11     0    6   0   12  10   8     0    4   0          18       0       0    1678          0        0   0.0102
* 3  12   6  11     0    6   0   12   7  10     0    6   0   12   9  11     0    4   0          22       0       0    1644          0        0   0.0127
* 2  13  11  13     0    2   0   13  14   9     0    2   0                                     164       0       0    1696          0        0   0.0864
* 2  12   6  10     0    6   0   12  10   8     0    4   0                                     247       0       0    2325          0        0   0.0941
* 1  11   5  10     0    2   0                                                                 465       0       0    1860          0        0      0.2
* 1  12   9  11     0    6   0                                                                2757       0       0    2572          0        0    0.517

@73
* 2  13   6  10     0    2   0   14  11   0     0    0   0                                       1       0       0       2          0        0    0.327
* 1  13   7   9     0    2   0                                                                  11       0       0       3          0        0    0.786
* 1  13   6  11     0    2   0                                                                 238       0       0      14          0        0    0.944
* 1  13   7   8     0    2   0                                                               24458       0      23     252   0.000931        0     0.99

@74
* 3  11   7  11     0    8   0   13   8   8     0    0   0   14  13   9     0    0   0           0       0       0       1          0        0        0
* 3  12   6   7     0    6   0   13   8   8     0    0   0   13  11   5     0    2   0           0       0       0       1          0        0        0
* 3  12   6   7     0    6   0   13   6   5     0    2   0   13   8   9     0    0   0           0       0       0       1          0        0        0
* 3  13   7   6     0    2   0   13   8   9     0    0   0   14  13   1     0    0   0           0       0       0       1          0        0        0
* 2  13   6   5     0    2   0   14  13   8     0    0   0                                       0       0       0       1          0        0        0
* 2  13   7   6     0    0   0   13   8   8     0    0   0                                       0       0       0       1          0        0        0
* 3  12   6   6     0    6   0   12   7   7     0    6   0   13   7   7     0    0   0           0       0       0       1          0        0        0
* 1  11   6  10     0    e   0                                                                   0       0       0       1          0        0        0
* 1  14  13   0     0    0   0                                                                   0       0       0       1          0        0        0
* 2  13   6   4     0    2   0   13   8  12     0    2   0                                       0       0       0       1          0        0        0
* 3  13   7   6     0    2   0   13   8   8     0    0   0   14  13   2     0    0   0           1       0       0       4          0        0    0.192
* 2  12   7   6     0    6   0   13   8   9     0    0   0                                       1       0       0       5          0        0    0.163
* 2  12   7   7     0    6   0   13   8   9     0    0   0                                       2       0       0       6          0        0    0.245
* 2  13   6   4     0    2   0   13   8  13     0    2   0                                       3       0       0       1          0        0    0.735
* 2  13   6   5     0    2   0   13   8   8     0    0   0                                      12       0       0       8          0        0    0.588
* 2  13   6   4     0    2   0   13   8   8     0    0   0                                      19       0       0      20          0        0    0.477
* 1  13   8   3     0    2   0                                                                1113       0       0      39          0        0    0.966
* 1  13   8   2     0    2   0                                                               17291       0       0    1152          0        0    0.938

@75
* 2  11   6  10     0    e   0   12   6  10     0    4   0                                       0       0       0     128          0        0        0
* 3  12   6  11     0    4   0   12   7  12     0    6   0   13   6  13     0    2   0           2       0       0     165          0        0   0.0115
* 3  13   8  13     0    2   0   13  10  12     0    2   0   14  13  12     0    0   0           4       0       0     128          0        0   0.0291
* 2  13   8  13     0    2   0   14  13  12     0    0   0                                       4       0       0     153          0        0    0.025
* 2  13   8  13     0    2   0   14  13  13     0    0   0                                       8       0       0     157          0        0   0.0475
* 3  12   7  12     0    6   0   13   6  12     0    2   0   13  11  13     0    0   0          10       0       0     132          0        0   0.0676
* 3  12   6  11     0    4   0   12   7  13     0    6   0   13   6  13     0    2   0          10       0       0     187          0        0   0.0487
* 3  12   6  11     0    6   0   13  10  11     0    2   0   13  11   9     0    2   0          11       0       0     142          0        0    0.069
* 2  13   6  12     0    2   0   13  11  11     0    2   0                                      15       0       0     213          0        0   0.0645
* 1  14  16   6     0    0   0                                                                  16       0       0     197          0        0   0.0751
* 2  12   6  10     0    4   0   13   7  12     0    2   0                                      19       0       0     228          0        0   0.0754
* 3  12   7  12     0    6   0   13   6  13     0    2   0   13  11  12     0    0   0          20       0       0     167          0        0    0.103
* 3  12   6  11     0    0   0   12   7  12     0    6   0   13   6  12     0    2   0          28       0       0     294          0        0   0.0835
* 3  12   6  11     0    0   0   12   7  13     0    6   0   13   6  12     0    2   0          47       0       0     247          0        0    0.153
* 3  12   6  10     0    0   0   13   6  13     0    2   0   13   7  12     0    2   0          73       0       0     322          0        0    0.177
* 2  12   6  10     0    0   0   13   7  13     0    2   0                                     183       0       0     395          0        0     0.31
* 1  13  10  11     0    2   0                                                                 615       0       0     578          0        0    0.516
* 1  12   6  10     0    6   0                                                                6752       0       0    1193          0        0     0.85

@76
* 2  14   6   1     0    0   0   15  11   8     0    0   0                                       0       0       0       0          0        0        0
* 2  15  11   8     0    0   0   15  12   0     0    0   0                                       0       0       0       0          0        0        0
* 2  13   6  10     0    2   0   15  11   9     0    0   0                                       0       0       0       0          0        0        0
* 3  13   6  10     0    2   0   14   6   1     0    0   0   14  11   0     0    0   0           0       0       0       0          0        0        0
* 3  13   6  11     0    2   0   14   6   1     0    0   0   14  11   0     0    0   0           0       0       0       0          0        0        0
* 3  13   6  10     0    2   0   14   7   3     0    0   0   14  11   0     0    0   0           0       0       0       0          0        0        0
* 3  13   6  10     0    2   0   14   7   2     0    0   0   14  11   1     0    0   0           0       0       0       1          0        0        0
* 3  13   6  10     0    2   0   14   7   2     0    0   0   14  11   2     0    0   0           0       0       0       1          0        0        0
* 2  13   6  10     0    2   0   14   6   2     0    0   0                                       0       0       0       2          0        0        0
* 2  13   6  10     0    2   0   15  12   7     0    0   0                                       0       0       1       7       0.14        0        0
* 3  13   6  11     0    2   0   14   7   3     0    0   0   14  11   0     0    0   0           1       0       0       0          0        0     0.96
* 3  13   6  10     0    2   0   14   6   2     0    0   0   15  12   7     0    0   0           1       0       0       1          0        0     0.48
* 1  15  12  14     0    0   0                                                                   2       0       0       2          0        0      0.5
* 2  14   6  10     0    0   0   14   7   0     0    0   0                                       3       0       0       4          0        0     0.42
* 1  14   7   2     0    0   0                                                                   9       0       1      18      0.037        0    0.333
* 3  13   6  10     0    2   0   15  11   8     0    0   0   15  12   7     0    0   0          11       0       1       7     0.0533        0    0.587
* 2  13   6  10     0    2   0   14   6   1     0    0   0                                      67       0       5      27     0.0521        0    0.699
* 1  15  11   9     0    0   0                                                                 175       0       0      94          0        0    0.651
* 1  14   7   0     0    0   0                                                                 252       0      43     269     0.0825        0    0.484
* 1  15  12   0     0    0   0                                                               11764       0      84     521    0.00684        0    0.958

@77
* 2  14   7   4     0    0   0   15  12   3     0    0   0                                       0       0       0       2          0        0        0
* 2  15  11  13     0    0   0   15  13  13     0    0   0                                       0       0       0       3          0        0        0
* 3  13   6  10     0    2   0   15  11  13     0    0   0   15  12   4     0    0   0           0       0       0       3          0        0        0
* 3  13   6  10     0    2   0   15  11  12     0    0   0   15  12   4     0    0   0           0       0       0       3          0        0        0
* 3  13   6  10     0    2   0   14   6  12     0    0   0   14   7   0     0    0   0           0       0       0       3          0        0        0
* 3  13   6  10     0    2   0   14   7   0     0    0   0   15  11  12     0    0   0           0       0       0       3          0        0        0
* 3  13   6  10     0    2   0   14   7   0     0    0   0   15  11  13     0    0   0           0       0       0       5          0        0        0
* 2  15  11  12     0    0   0   15  13  12     0    0   0                                       0       0       0       5          0        0        0
* 2  15  11  12     0    0   0   15  12   4     0    0   0                                       1       0       0       2          0        0    0.327
* 2  14   7   0     0    0   0   15  11  12     0    0   0                                       2       0       0       3          0        0    0.392
* 2  15  11  12     0    0   0   15  13  13     0    0   0                                       2       0       0       5          0        0     0.28
* 1  14   8   1     0    0   0                                                                   5       0       0       7          0        0    0.417
* 3  13   6  10     0    2   0   14   6  12     0    0   0   14   8  12     0    0   0           5       0       0      36          0        0    0.117
* 3  13   6  10     0    2   0   14   6  13     0    0   0   14   8  12     0    0   0           9       0       1      27     0.0267        0     0.24
* 3  14   7   5     0    0   0   14   8   1     0    0   0   15  12   3     0    0   0          15       0       0      12          0        0    0.533
* 3  13   6  10     0    2   0   14   6  12     0    0   0   14   8  13     0    0   0         205       0       0     252          0        0    0.431
* 3  13   6  10     0    2   0   14   6  13     0    0   0   14   8  13     0    0   0         211       0       1      41    0.00381        0    0.804
* 1  14   8   0     0    0   0                                                                 442       0       0     457          0        0    0.492
* 1  15  13   0     0    0   0                                                               10006       0       0     899          0        0    0.918

@78
* 3  12   8  10     0    6   0   12   9  10     0    2   0   14   9   3     0    0   0           0       0       0      17          0        0        0
* 2  13   4  13     0    0   0   15  12  12     0    0   0                                       0       0       0      17          0        0        0
* 2  12   9  10     0    2   0   13   7  13     0    2   0                                       0       0       0      17          0        0        0
* 3  12   8  10     0    6   0   14   8  12     0    0   0   14   9   2     0    0   0           0       0       0      17          0        0        0
* 3  12   8  10     0    4   0   13   4  12     0    0   0   15  12  12     0    0   0           0       0       0      17          0        0        0
* 3  12   8  10     0    4   0   13   4  10     0    0   0   14   8  13     0    0   0           0       0       0      17          0        0        0
* 2  14   9   3     0    0   0   15  11  13     0    0   0                                       0       0       0      17          0        0        0
* 3  13   4  12     0    0   0   14   7  12     0    0   0   15  11  12     0    0   0           0       0       0      17          0        0        0
* 2  12   8  10     0    6   0   13   6  13     0    2   0                                       0       0       0      18          0        0        0
* 3  13   4  12     0    0   0   15  11  13     0    0   0   15  12  12     0    0   0           0       0       0      18          0        0        0
* 3  13   4  13     0    0   0   14   7  13     0    0   0   15  11  13     0    0   0           0       0       0      20          0        0        0
* 2  12   9  10     0    2   0   13   6  12     0    2   0                                       0       0       0      20          0        0        0
* 1  12   8  10     0    4   0                                                                   0       0       0      20          0        0        0
* 3  12   8  10     0    0   0   13   4  12     0    0   0   14   8  12     0    0   0           0       0       0      20          0        0        0
* 3  13   4  12     0    0   0   15  11  13     0    0   0   15  12  13     0    0   0           0       0       0      20          0        0        0
* 2  13   4  12     0    0   0   15  11  13     0    0   0                                       0       0       0      20          0        0        0
* 2  12   9  10     0    0   0   13   6  13     0    2   0                                       0       0       0      22          0        0        0
* 2  12   8  10     0    0   0   12   9  10     0    4   0                                       0       0       0      23          0        0        0
* 2  14   7  12     0    0   0   14   9   3     0    0   0                                       0       0       0      23          0        0        0
* 2  13   4  13     0    0   0   15  11  12     0    0   0                                       0       0       0      27          0        0        0
* 2  13   6  13     0    2   0   14   9   2     0    0   0                                       0       0       0      33          0        0        0
* 1  14   9   2     0    0   0                                                                   1       0       0      17          0        0   0.0556
* 3  12   8  10     0    0   0   13   4  13     0    0   0   14   9   3     0    0   0           1       0       0      20          0        0   0.0457
* 3  13   4  12     0    0   0   14   7  13     0    0   0   15  11  12     0    0   0           1       0       0      21          0        0   0.0436
* 2  12   8  10     0    0   0   14   9   0     0    0   0                                       1       0       0      22          0        0   0.0426
* 1  12   8  10     0    6   0                                                                   1       0       0      23          0        0   0.0417
* 2  14   9   3     0    0   0   15  11  12     0    0   0                                       1       0       0      27          0        0    0.035
* 2  12   8  10     0    6   0   13   4  11     0    0   0                                       2       0       0      18          0        0    0.098
* 1  12   9  10     0    6   0                                                                   2       0       0      28          0        0   0.0667
* 2  13   4  13     0    0   0   15  11  13     0    0   0                                       3       0       0      24          0        0    0.109
* 3  13   6  13     0    2   0   14   7  12     0    0   0   14   9   2     0    0   0           3       0       0      30          0        0   0.0873
* 2  13   6  12     0    2   0   14   9   3     0    0   0                                       3       0       0      53          0        0   0.0525
* 3  13   6  12     0    2   0   14   7  13     0    0   0   14   9   2     0    0   0           5       0       0      33          0        0    0.126
* 2  13   6  13     0    2   0   14   9   3     0    0   0                                       5       0       0      38          0        0    0.114
* 2  13   6  12     0    2   0   14   9   2     0    0   0                                       9       0       0      56          0        0    0.136
* 3  13   6  12     0    2   0   14   7  12     0    0   0   14   9   2     0    0   0          10       0       0      43          0        0    0.181
* 2  13   4  12     0    0   0   14   7  12     0    0   0                                      58       0       0     188          0        0    0.231
* 2  13   4  12     0    0   0   14   7  13     0    0   0                                      71       0       0     246          0        0    0.219
* 2  13   4  13     0    0   0   14   7  12     0    0   0                                     107       0       0     317          0        0    0.247
* 2  13   4  13     0    0   0   14   7  13     0    0   0                                     111       0       0     424          0        0    0.203
* 1  13   4  11     0    0   0                                                                 123       0       0      65          0        0    0.654
* 1  13   4  10     0    0   0                                                                3469       0       0     535          0        0    0.866
* 1  14   9   0     0    0   0                                                               21197       0       0    4004          0        0    0.841

@79
* 3  12   8  13     1    2   0   12   9   2     1    2   0   14   8  13     0    0   0           0       0       0       0          0        0        0
* 3  12   8  13     1    2   0   12   9   2     1    2   0   13   4  12     0    0   0           0       0       0       0          0        0        0
* 2  10   9  10     1    e   0   15   6  10     0    0   0                                       0       0       0       0          0        0        0
* 2  11   9   2     1    6   0   14   6  10     0    0   0                                       0       0       0       0          0        0        0
* 3  14   8  13     0    0   0   14   9  12     0    0   0   15  13  12     0    0   0           0       0       0       0          0        0        0
* 2  10   9  11     1    e   0   11   9   1     1    6   0                                       0       0       0       0          0        0        0
* 3  12   8  13     1    2   0   13   4  13     0    0   0   15  13  12     0    0   0           0       0       0       0          0        0        0
* 2  10   9  11     1    e   0   12   8  13     1    2   0                                       0       0       0       0          0        0        0
* 2  11   9   1     1    6   0   15   6  10     0    0   0                                       0       0       0       0          0        0        0
* 3  14   6  10     0    0   0   15   6  11     0    0   0   15  11   9     0    0   0           0       0       0       0          0        0        0
* 3  10   9  11     1    e   0   11   9   1     1    6   0   12   8  12     1    2   0           0       0       0       0          0        0        0
* 1  12   9   1     1    2   0                                                                   0       0       0       0          0        0        0
* 3  11   9   2     1    6   0   12   9   1     1    2   0   14   6  10     0    0   0           0       0       0       0          0        0        0
* 3  10   9  11     1    e   0   13   4  13     0    0   0   14   9  13     0    0   0           0       0       0       0          0        0        0
* 1  10   9  11     1    e   0                                                                   0       0       0       0          0        0        0
* 3  10   9  11     1    e   0   13   4  13     0    0   0   14   9  12     0    0   0           0       0       0       0          0        0        0
* 2  10   9  11     1    e   0   14   6  10     0    0   0                                       0       0       0       0          0        0        0
* 2  11   9   1     1    6   0   12   8  13     1    2   0                                       0       0       0       0          0        0        0
* 3  10   8  10     1    e   0   13   4  13     0    0   0   14   9  13     0    0   0           0       0       0       0          0        0        0
* 1  10   8  10     1    e   0                                                                   0       0       0       0          0        0        0
* 3  11   9   1     1    6   0   13   4  13     0    0   0   14   9  13     0    0   0           0       0       0       0          0        0        0
* 3  13   4  13     0    0   0   14   7   1     0    0   0   14   9  13     0    0   0           0       0       0       0          0        0        0
* 1  10   8  11     1    e   0                                                                   0       0       0       0          0        0        0
* 3  10   9  10     1    e   0   13   4  13     0    0   0   14   9  13     0    0   0           0       0       0       0          0        0        0
* 3  10   9  10     1    e   0   13   4  13     0    0   0   14   9  12     0    0   0           0       0       0       0          0        0        0
* 2  10   8  10     1    e   0   14   6   2     0    0   0                                       0       0       0       0          0        0        0
* 3  13   4  12     0    0   0   14   6  10     0    0   0   14   9  13     0    0   0           0       0       0       0          0        0        0
* 3  10   8  11     1    e   0   11   9   1     1    6   0   12   9   1     1    2   0           0       0       0       1          0        0        0
* 2  11   9   1     1    6   0   12   8  12     1    2   0                                       0       0       0       1          0        0        0
* 2  12   9   1     1    2   0   14   6  10     0    0   0                                       0       0       0       2          0        0        0
* 3  11   9   1     1    6   0   14   6  10     0    0   0   15   6  10     0    0   0           0       0       1       2       0.48        0        0
* 3  13   4  12     0    0   0   14   7   1     0    0   0   14   9  13     0    0   0           0       0       0       2          0        0        0
* 3  13   4  12     0    0   0   14   6  10     0    0   0   14   9  12     0    0   0           0       0       0       2          0        0        0
* 3  11   9   1     1    6   0   12   8  13     1    2   0   15   6  10     0    0   0           0       0       2       4       0.48        0        0
* 3  13   4  13     0    0   0   14   6  10     0    0   0   14   9  12     0    0   0           0       0       2       4       0.48        0        0
* 3  14   7   1     0    0   0   15   6  11     0    0   0   15  11   9     0    0   0           1       0       0       0          0        0     0.96
* 3  11   9   1     1    6   0   13   4  13     0    0   0   14   9  12     0    0   0           1       0       0       1          0        0     0.48
* 3  14   7   1     0    0   0   15   7  12     0    0   0   15  11   9     0    0   0           1       0       1       2       0.32        0     0.32
* 1  10   9   2     1    e   0                                                                   1       0       0       3          0        0     0.25
* 1  14  10   0     0    0   0                                                                   1       0       3       4        0.6        0      0.2
* 1  15  11   8     0    0   0                                                                   1       0       0       5          0        0    0.167
* 1  11   9   1     1    6   0                                                                   2       0       4       6        0.5        0     0.25
* 1  15   7   9     0    0   0                                                                  54       0       0       8          0        0    0.871
* 1  15   7   8     0    0   0                                                                 961       0      10      62    0.00978        0    0.939
* 1  15   6  11     0    0   0                                                               53342       0     276    1023    0.00508        0    0.981

@80
* 3  11   5   2     1    2   0   12   6  12     1    2   0   13   9  10     0    2   0           0       0       0       2          0        0        0
* 3  13   5  12     0    2   0   14  11   0     0    0   0   15   7   0     0    0   0           0       0       0       2          0        0        0
* 1  12   6   2     1    2   0                                                                   0       0       0       2          0        0        0
* 2  13   6  13     0    2   0   15   7   2     0    0   0                                       0       0       0       2          0        0        0
* 3  13   5  13     0    2   0   15   6  13     0    0   0   15   7   0     0    0   0           0       0       0       2          0        0        0
* 3  10   6  12     1    6   0   12   6  12     1    2   0   14   6  10     0    0   0           0       0       0       2          0        0        0
* 1  11  12   1     1    e   0                                                                   0       0       0       2          0        0        0
* 2  13   5  13     0    2   0   15   6  13     0    0   0                                       0       0       0       3          0        0        0
* 3  14  11   0     0    0   0   15   6  13     0    0   0   15   7   1     0    0   0           0       0       0       3          0        0        0
* 3  13   5  12     0    2   0   15   7   1     0    0   0   15   9   8     0    0   0           0       0       0       3          0        0        0
* 2  13   6  13     0    2   0   15   7   0     0    0   0                                       0       0       0       3          0        0        0
* 3  13   5  13     0    2   0   14   6  10     0    0   0   15   6  12     0    0   0           0       0       0       3          0        0        0
* 3  13   9  11     0    2   0   14   7   6     0    0   0   15   7   0     0    0   0           0       0       0       4          0        0        0
* 3  14   6  10     0    0   0   15   8  12     0    0   0   15   9   9     0    0   0           0       0       0       5          0        0        0
* 2  15   6  12     0    0   0   15   8  13     0    0   0                                       0       0       0       5          0        0        0
* 3  12   6  12     1    2   0   13   6  12     0    2   0   15   8  13     0    0   0           0       0       0       5          0        0        0
* 3  13   5  12     0    2   0   13   6  12     0    2   0   15   7   0     0    0   0           0       0       0       5          0        0        0
* 3  12   6  13     1    2   0   14   6  10     0    0   0   15   7   0     0    0   0           0       0       0       5          0        0        0
* 3  13   5  12     0    2   0   14   6  10     0    0   0   15   8  13     0    0   0           0       0       0       5          0        0        0
* 2  12   6  13     1    2   0   13   5  13     0    2   0                                       0       0       0       5          0        0        0
* 3  12   6  12     1    2   0   13   5  13     0    2   0   14   6  10     0    0   0           0       0       1       5      0.192        0        0
* 3   7   7   2     1    e   1   13   6  12     0    2   0   15   7   1     0    0   0           0       0       0       5          0        0        0
* 3  14   6  10     0    0   0   15   6  12     0    0   0   15   8  12     0    0   0           0       0       1       5      0.192        0        0
* 2  15   8  10     0    0   0   15   9   9     0    0   0                                       0       0       0       5          0        0        0
* 3  11   5   2     1    2   0   11   5   2     1    2   0   13   5  12     0    2   0           0       0       0       5          0        0        0
* 3  13   5  13     0    2   0   15   6  13     0    0   0   15   9   8     0    0   0           0       0       0      14          0        0        0
* 3  14   6  10     0    0   0   15   6  12     0    0   0   15   9   9     0    0   0           0       0       3      14      0.206        0        0
* 2  14  11   0     0    0   0   15   7   0     0    0   0                                       1       0       0       2          0        0    0.327
* 2  13   9  10     0    2   0   15   7   0     0    0   0                                       1       0       1       3      0.245        0    0.245
* 3  12   6  13     1    2   0   13   5  12     0    2   0   14   6  10     0    0   0           1       0       0       4          0        0    0.192
* 3  13   5  13     0    2   0   15   7   0     0    0   0   15   8  12     0    0   0           1       0       1       5       0.16        0     0.16
* 1   7   7   2     1    e   1                                                                   1       0       2       6      0.286        0    0.143
* 2  13   6  12     0    2   0   15   7   0     0    0   0                                       1       0       0       7          0        0    0.122
* 2  13   5  13     0    2   0   15   7   0     0    0   0                                       1       0       3      14      0.196        0   0.0653
* 3  13   5  12     0    2   0   15   6  13     0    0   0   15   9   8     0    0   0           3       0       0       8          0        0    0.262
* 3  13   5  12     0    2   0   14   6  10     0    0   0   15   8  12     0    0   0           3       0       1      11     0.0686        0    0.206
* 3  14   6  10     0    0   0   15   6  13     0    0   0   15   9   9     0    0   0           3       0       3      15       0.16        0     0.16
* 3  13   5  12     0    2   0   15   6  12     0    0   0   15   9   8     0    0   0           6       0       2      18       0.08        0     0.24
* 1  13   5  13     0    2   0                                                                  10       0       1      24     0.0294        0    0.294
* 1  13   6  10     0    2   0                                                                  17       0       9      34      0.176        0    0.333
* 2  15   6  13     0    0   0   15   9   8     0    0   0                                      36       0      10      97     0.0737        0    0.265
* 2  15   6  12     0    0   0   15   9   8     0    0   0                                      46       0       6      51     0.0606        0    0.465
* 2  14   6  10     0    0   0   15   9   9     0    0   0                                      83       0      17     133     0.0771        0    0.377
* 2  15   7   2     0    0   0   15   9   8     0    0   0                                     173       0      51     216      0.128        0    0.436
* 1   7   8   2     1    e   1                                                                 506       0       4     389    0.00447        0    0.565
* 1  15   8  11     0    0   0                                                                2263       0       4     895    0.00127        0    0.717
* 1  15   9   8     0    0   0                                                               50827       0      43    3158   0.000797        0    0.942

@81
* 3   7   8   2     1    e   1   10   6   3     1    6   0   14   7   3     1    0   0           0       0       0      38          0        0        0
* 3   7   8   2     1    e   1   10   6   3     1    6   0   14   5  13     0    0   0           0       0       0      39          0        0        0
* 4  10   6   3     1    6   0   13   5  13     0    2   0   13   6  10     0    2   0   15   7   0     0    0   0           0       0      37      39      0.892        0        0
* 1   8   5   2    21    2   0                                                                   0       0       0      39          0        0        0
* 2  15   6  11     0    0   0   15  11   8     0    0   0                                       0       0       0      39          0        0        0
* 3   9   8   1     1    e   0   14   5  13     1    0   0   14   6  10     0    0   0           0       0       7      39      0.172        0        0
* 3  11   5   2     1    2   0   13   6  10     0    2   0   14   5  13     0    0   0           0       0       7      39      0.172        0        0
* 2  12   9   1     1    6   0   14   5  13     0    0   0                                       0       0       8      39      0.201        0        0
* 4  15   6  11     0    0   0   15   7   2     0    0   0   15   8  11     0    0   0   15   9   8     0    0   0           0       0      23      40       0.54        0        0
* 3  12   9   1     1    6   0   13   4   5     1    0   0   14   5  12     1    0   0           0       0       7      45      0.149        0        0
* 4  13   5  13     0    2   0   13   6  10     0    2   0   14   5  13     0    0   0   15   7   0     0    0   0           0       0       1      45     0.0209        0        0
* 3  13   6  11     0    2   0   15   7   8     0    0   0   15  11   8     0    0   0           1       0       0      38          0        0   0.0246
* 3   7   8   2     1    e   1   13   9  10     0    2   0   15   6  11     0    0   0           1       0       0      39          0        0    0.024
* 3  13   6  10     0    2   0   14   5  12     1    0   0   15   7   9     0    0   0           1       0       1      43     0.0218        0   0.0218
* 3   7   8   2     1    e   1    9   8   1     1    e   0   13   6  10     0    2   0           1       0       0      44          0        0   0.0213
* 3   9   7   2     1    e   0   15   8  11     0    0   0   15   9   8     0    0   0           2       0      20      45      0.409        0   0.0409
* 2  13   6  10     0    2   0   15   7   8     0    0   0                                       3       0       2      40     0.0456        0   0.0684
* 2  12   8   3     1    6   0   15   8  11     0    0   0                                       3       0      27      47      0.529        0   0.0588
* 3   7   8   2     1    e   1    9   7   2     1    e   0   13   5  13     0    2   0           4       0      14      61      0.207        0   0.0591
* 2  15   8  11     0    0   0   15   9   8     0    0   0                                       9       0      38      65      0.503        0    0.119
* 1  13   6  10     0    2   0                                                                   9       0       5     100     0.0459        0   0.0826
* 4  13   6  10     0    2   0   15   7   2     0    0   0   15   8  11     0    0   0   15   9   8     0    0   0          11       0       1      50     0.0154        0     0.17
* 4  13   5  13     0    2   0   14   6  10     0    0   0   15   7   0     0    0   0   15   8  11     0    0   0          11       0      10      89      0.094        0    0.103
* 2  13   6  10     0    2   0   15   9   8     0    0   0                                      13       0      16     109      0.129        0    0.104
* 3  13   6  10     0    2   0   15   7   2     0    0   0   15   9   8     0    0   0          15       0       7      74     0.0755        0    0.162
* 3   7   8   2     1    e   1   14   6  10     0    0   0   14  10  11     0    0   0          18       0       9     122     0.0617        0    0.123
* 3  10   8   0     1    e   1   14   6  10     0    0   0   15   8  11     0    0   0          25       0      62     140      0.361        0    0.145
* 2  13   5  12     1    2   0   14   6  10     0    0   0                                      35       0       1     281     0.0031        0    0.109
* 3  13   6  10     0    2   0   14   6  10     0    0   0   15   7   9     0    0   0          36       0      22     165      0.105        0    0.172
* 2  13   6  10     0    2   0   14   6  10     0    0   0                                      38       0      12     201     0.0492        0    0.156
* 2  14   5  13     0    0   0   15   6  11     0    0   0                                      42       0       4     239      0.014        0    0.146
* 3  13   6  10     0    2   0   15   9   8     0    0   0   15  11   8     0    0   0          80       0      20     316     0.0485        0    0.194
* 3  13   5  13     1    2   0   14   5  12     1    0   0   14   6  10     0    0   0          81       0       1     480    0.00171        0    0.139
* 4  13   6  10     0    2   0   15   7   2     0    0   0   15   9   8     0    0   0   15  11   8     0    0   0          84       0      28     396     0.0548        0    0.164
* 3  10   8   0     1    e   1   13   5  12     0    2   0   14   6  10     0    0   0         128       0     203     691      0.238        0     0.15
* 3  14   6  10     0    0   0   15   6  11     0    0   0   15   8  11     0    0   0         130       0      55     561     0.0764        0    0.181
* 3  13   5  12     1    2   0   14   6  10     0    0   0   15   6  11     0    0   0         421       0     177     819      0.137        0    0.326
* 1  14   5  13     0    0   0                                                                1327       0       0    1240          0        0    0.517
* 3  13   5  13     1    2   0   14   6  10     0    0   0   15   6  11     0    0   0        2933       0     921    2567      0.161        0    0.512
* 1  14   6  10     0    0   0                                                                5760       0      17    5500    0.00151        0    0.512
* 1  15  11   8     0    0   0                                                               43164       0      13   11260   0.000239        0    0.793

@82
* 1  11   5   2     1    2   0                                                                   0       0       2       7      0.286        0        0
* 1  10  10   1     1    e   0                                                                   0       0       3       8      0.375        0        0
* 1  14   7   0     1    0   0                                                                   0       0       2       8       0.25        0        0
* 1  12   8  10     0    6   0                                                                   0       0       0       8          0        0        0
* 1  14   8   1     1    0   0                                                                   0       0       6      13      0.462        0        0
* 1  12   7   1     1    6   0                                                                   0       0       7      13      0.538        0        0
* 1  10  10   1     1    e   1                                                                   0       0       9      17      0.529        0        0
* 1  13   9  10     0    2   0                                                                   1       0       0       7          0        0    0.125
* 2   5   7   2     1    e   1   14   7   1     1    0   0                                       1       0       5      11      0.408        0   0.0817
* 1   9   7   2     1    e   0                                                                   1       0       1      12     0.0769        0   0.0769
* 1  13   6  10     0    2   0                                                                   1       0       1      13     0.0714        0   0.0714
* 1  11   6   2     1    2   0                                                                   1       0       9      16      0.529        0   0.0588
* 1   9  11   1     1    e   1                                                                   1       0       5      22      0.217        0   0.0435
* 1  15   6  10     0    0   0                                                                   1       0      19      23      0.792        0   0.0417
* 1  12   6   3     1    2   0                                                                   1       0       8      44      0.178        0   0.0222
* 1  11  12   1     1    e   0                                                                   2       0       2      14      0.125        0    0.125
* 2   5   7   2     1    e   1   14   6   2     1    0   0                                       2       0       8      20      0.356        0   0.0891
* 1  13   5   3     1    2   0                                                                   2       0      10      42      0.227        0   0.0455
* 1  10   8   3     1    e   1                                                                   3       0       2       8      0.182        0    0.273
* 1  14   5  12     0    0   0                                                                   3       0       4      17        0.2        0     0.15
* 1  13   5  12     0    2   0                                                                   3       0       5      45      0.104        0   0.0625
* 2   8   8   1     1    e   1   13   8   0     1    2   0                                       3       0       2      48     0.0384        0   0.0576
* 1   9   8   2     1    e   1                                                                   3       0      17      55      0.293        0   0.0517
* 1  13   8   0     1    2   0                                                                   4       0       4      51     0.0727        0   0.0727
* 1  12   9   1     1    6   0                                                                   5       0       4      58     0.0635        0   0.0794
* 2   9   7   2     1    e   1   10   8   2     1    e   1                                       7       0       6      71     0.0754        0   0.0879
* 1  14  10   0     0    0   0                                                                   8       0       3      63     0.0423        0    0.113
* 1  13   9   1     1    2   0                                                                   9       0      21      78      0.241        0    0.103
* 1  14   6   3     1    0   0                                                                  10       0      29      87      0.299        0    0.103
* 2   5   7   2     1    e   1   13   8   0     1    2   0                                      11       0      21     111      0.169        0   0.0884
* 1  11   7   1     1    e   0                                                                  14       0      46      97      0.414        0    0.126
* 1  14   5   0     1    0   0                                                                  17       0     126     149      0.759        0    0.102
* 1  10   8   1     1    e   0                                                                  18       0       2      24     0.0476        0    0.429
* 1   9   7   2     1    e   1                                                                  27       0      51     122      0.342        0    0.181
* 1  13   5   2     1    2   0                                                                  41       0     142     239      0.507        0    0.146
* 1  13   4   1     1    0   0                                                                  73       0      68     166      0.285        0    0.305
* 2   5   7   2     1    e   1   14   6   3     1    0   0                                      88       0     137     280      0.365        0    0.234
* 1  14   6   2     1    0   0                                                                  90       0     241     368      0.526        0    0.197
* 1   9   8   3     1    e   1                                                                  93       0     201     458      0.365        0    0.169
* 1  15   8  10     0    0   0                                                                 135       0     446     551       0.65        0    0.197
* 2   5   7   2     1    e   1    9   8   2     1    e   1                                     212       0     685    1467        0.4        0    0.124
* 1   9   9   1     1    e   1                                                                 352       0     347     686      0.334        0    0.339
* 2   8   8   1     1    e   1   13   8   2     1    2   0                                     429       0      90    1038     0.0601        0    0.287
* 1  10   7  12     1    e   0                                                                 438       0     659    1679      0.311        0    0.207
* 1  11   9   1     1    e   0                                                                1726       0     268    2117     0.0697        0    0.449
* 2   9   8   2     1    e   1   10   8   2     1    e   1                                    2889       0    1237    3843       0.18        0    0.421
* 1  13   5   1     1    0   0                                                                4134       0    4049    6732      0.373        0     0.38
* 1  14   7   1     1    0   0                                                                8296       0    8943   10866      0.467        0    0.433
* 1  15  10  10     0    0   0                                                                8938       0   10425   19162      0.371        0    0.318
* 1   5   7   2     1    e   1                                                               26007       0   27267   28100      0.504        0    0.481

@83
* 2  10   9   2     1    e   0   14   8   1     1    0   0                                       0       0      67     133      0.494        0        0
* 2   9   8   1     1    e   1   10   6   2     1    6   0                                       0       0       1     133    0.00737        0        0
* 2   9   7   1     1    e   1   11   5   2     1    2   0                                       0       0      22     133      0.162        0        0
* 1  11   6   1     1    6   0                                                                   1       0      42     113      0.368        0  0.00877
* 1   9   7   1     1    e   1                                                                   2       0      69     114      0.595        0   0.0172
* 3   9   7   1     1    e   1    9   8   1     1    e   1    9   9   1     1    e   1           2       0      57     127      0.424        0   0.0149
* 2  11   6   1     1    6   0   11   7   1     1    e   0                                       3       0      26     116      0.214        0   0.0247
* 3   9   9   1     1    e   1   11   7   1     1    e   0   14   8   1     1    0   0           3       0      30     119      0.236        0   0.0236
* 3   9   7   1     1    e   1   10  10   1     1    e   0   11   7   1     1    e   0           4       0       3     129     0.0217        0   0.0289
* 2  13   5   0     1    2   0   14   8   1     1    0   0                                       4       0      38     146      0.248        0   0.0261
* 3   9   8   1     1    e   1    9   9   1     1    e   1   11   9   1     1    e   0           5       0      11     122     0.0831        0   0.0378
* 2  11   5   2     1    2   0   11   6   1     1    6   0                                       5       0      17     164     0.0986        0    0.029
* 2   9   9   1     1    e   1   14   8   1     1    0   0                                       6       0      36     140      0.242        0   0.0403
* 2  11   7   1     1    e   0   14   8   1     1    0   0                                       6       0      31     158      0.185        0   0.0359
* 3   9   8   1     1    e   1    9   9   1     1    e   1   13   5   0     1    2   0           7       0      45     133      0.309        0    0.048
* 3  11   7   1     1    e   0   11   9   1     1    e   0   14   8   1     1    0   0           8       0      24     150      0.146        0   0.0486
* 2   9   8   1     1    e   1   13   4   1     1    0   0                                      11       0      27     169      0.147        0   0.0599
* 1   9   9   1     1    e   1                                                                  24       0      47     180       0.23        0    0.118
* 2  11   6   1     1    6   0   13   4   1     1    0   0                                      29       0      18     204     0.0757        0    0.122
* 2   9   8   1     1    e   1   11   6   1     1    6   0                                      38       0      28     233      0.101        0    0.137

@84
* 2   5   7   2     1    e   1   13   5   0     1    2   0                                       1       0      76     326      0.228        0    0.003
* 3   5   7   2     1    e   1   10   7   2     1    e   1   14   5   2     1    0   0           5       0      96     363       0.25        0    0.013
* 1  10   8   1     1    e   1                                                                   6       0      50     386      0.128        0   0.0153
* 2  13   6   1     1    2   0   15   6  10     0    0   0                                       7       0      19     356     0.0513        0   0.0189
* 3   5   7   2     1    e   1   14   5   2     1    0   0   14   7   1     1    0   0           7       0     102     444      0.217        0   0.0149
* 3   5   7   2     1    e   1    9   7   1     1    e   1   14   5   2     1    0   0           7       0      99     476      0.197        0   0.0139
* 2   9   9   1     1    e   1   15   5  10     0    0   0                                       8       0      67     337       0.19        0   0.0227
* 3   5   7   2     1    e   1   13   5   0     1    2   0   14   6   2     1    0   0           8       0      68     368      0.174        0   0.0204
* 3   5   7   2     1    e   1    9   7   1     1    e   1    9   8   2     1    e   1           8       0     102     535       0.18        0   0.0141
* 2  13   5   0     1    2   0   14   7   1     1    0   0                                      10       0      58     327      0.169        0   0.0291
* 3   5  10   2     1    e   1   14   6   2     1    0   0   15   5  10     0    0   0          10       0     105     376      0.261        0   0.0249
* 3   5   7   2     1    e   1   15   5  10     0    0   0   15   6  10     0    0   0          11       0      33     345      0.089        0   0.0297
* 3   5   7   2     1    e   1   14   7   1     1    0   0   15   5  10     0    0   0          11       0      79     406      0.182        0   0.0253
* 3   9   7   1     1    e   1   13   5   0     1    2   0   15   5  10     0    0   0          11       0     163     483      0.317        0   0.0214
* 3   5   7   2     1    e   1    9   8   2     1    e   1   10   7   2     1    e   0          12       0      43     451     0.0892        0   0.0249
* 3  10   8   1     1    e   1   14   7   1     1    0   0   15   5  10     0    0   0          13       0     118     417      0.263        0    0.029
* 2  13   8   1     1    2   0   14   6   2     1    0   0                                      13       0      60     463      0.124        0   0.0268
* 3  13   6   1     1    2   0   13   8   1     1    2   0   13   9   1     1    2   0          14       0      19     392     0.0449        0   0.0331
* 3   5   9   2     1    e   1   14   5   2     0    0   0   15   5  10     0    0   0          14       0      31     430      0.067        0   0.0303
* 3   5  10   2     1    e   1   13   8   1     1    2   0   15   5  10     0    0   0          17       0     191     787      0.228        0   0.0203
* 3   7   7   1     1    e   1   12   7   1     1    6   0   15   6  10     0    0   0          18       0     163     610      0.249        0   0.0275
* 3   5  10   2     1    e   1   11   7   1     1    e   0   15   5  10     0    0   0          19       0     105     516      0.188        0   0.0341
* 3   5  10   2     1    e   1   10   9   1     1    e   1   15   6  10     0    0   0          21       0     150     566      0.245        0   0.0343
* 2   5   7   2     1    e   1   15   6  10     0    0   0                                      22       0      55     494      0.104        0   0.0418
* 3   5   7   2     1    e   1   13   5   0     1    2   0   15   6  10     0    0   0          23       0     145     543      0.246        0    0.039
* 3   5   7   2     1    e   1    9   7   1     1    e   1   15   5  10     0    0   0          23       0     115     587      0.181        0   0.0362
* 3   9   8   2     1    e   1   15   5  10     0    0   0   15   6  10     0    0   0          23       0     273     693      0.366        0   0.0308
* 3   5   9   2     1    e   1    7   7   1     1    e   1   15   8  10     0    0   0          26       0     169     628      0.248        0   0.0382
* 3   5  10   2     1    e   1   14   5   2     1    0   0   15   6  10     0    0   0          39       0     125     654      0.173        0    0.054
* 3   5   7   2     1    e   1   10   7   2     1    e   1   15   5  10     0    0   0          39       0     193     804       0.22        0   0.0444
* 3   5  10   2     1    e   1    9   7   1     1    e   1   15   5  10     0    0   0          39       0     216     843      0.235        0   0.0424
* 1  11   5   2     1    2   0                                                                  40       0     169     974      0.167        0   0.0394
* 3  10   7   2     1    e   1   15   5  10     0    0   0   15   6  10     0    0   0          43       0     216     931      0.213        0   0.0424
* 3   9   7   1     1    e   1    9   8   2     1    e   1   15   5  10     0    0   0          49       0     275     882      0.284        0   0.0505
* 2  10   8   1     1    e   1   15   6  10     0    0   0                                      60       0     276    1014      0.252        0   0.0547
* 3   5  10   2     1    e   1   14   7   1     1    0   0   15   6  10     0    0   0          71       0     153     716      0.187        0   0.0866
* 3   5   7   2     1    e   1   15   6  10     0    0   0   15   8  10     0    0   0          72       0     169    1074      0.142        0   0.0603
* 3  15   6  10     0    0   0   15   8  10     0    0   0   15  10  10     0    0   0         121       0     165    1146      0.125        0   0.0917

@85
* 3   5   7   2     1    e   1    8   8   2     1    e   1   10   6   2     1    6   0           1       0       2    1038    0.00185        0 0.000924
* 3   5   7   2     1    e   1    5  10  14     1    e   1   15   5   4     0    0   0           3       0       8     673     0.0114        0  0.00426
* 3   5   7   2     1    e   1    9   8   2     1    e   1   10   7   3     1    e   1           3       0      18     689      0.025        0  0.00416
* 3   5   7   2     1    e   1    8   8   2     1    e   1   15   5   5     0    0   0           3       0       0     709          0        0  0.00404
* 2  10   7   3     1    e   1   10   8   3     1    e   1                                       3       0     103    1214     0.0829        0  0.00242
* 3   5   7   2     1    e   1   14   6   3     1    0   0   14   8   1     1    0   0           4       0      11     499      0.021        0  0.00763
* 3   5  10  14     1    e   1    9   7   2     1    e   1   10  10   1     1    e   1           4       0      15     523     0.0273        0  0.00729
* 2  13   8   1     1    2   0   13   9   1     1    2   0                                       5       0      14     494     0.0275        0  0.00982
* 3   9   7   2     1    e   1    9   8   2     1    e   1   14   6   2     1    0   0           5       0     237     553      0.408        0   0.0086
* 3   5   7   2     1    e   1   10   7   3     1    e   1   13   6   1     1    2   0           5       0     162     588      0.262        0  0.00809
* 3   8   8   2     1    e   1    9   7   2     1    e   1   10   7   2     1    e   0           5       0       1     761    0.00125        0  0.00627
* 3   5   7   2     1    e   1    8   8   2     1    e   1   15   5   4     0    0   0           5       0       1     778    0.00123        0  0.00613
* 3   9   7   2     1    e   1    9   8   2     1    e   1   13   6   1     1    2   0           5       0     333     824      0.386        0  0.00579
* 3   9   7   2     1    e   1   10   7   3     1    e   1   13   5   2     1    2   0           6       0     477    1032      0.441        0  0.00555
* 3   7   7   2     1    e   1    9   9   2     1    e   1   12   7   1     1    6   0           9       0     258     503      0.484        0   0.0169
* 3   8   8   2     1    e   1   10   7   2     1    e   0   14   8   1     1    0   0          10       0      17     653     0.0246        0   0.0145
* 1  14   6   3     1    0   0                                                                  10       0      40     663     0.0594        0   0.0149
* 3   8   8   2     1    e   1   11   7   1     1    e   0   13   8   1     1    2   0          10       0      16     737     0.0206        0   0.0129
* 3   9   9   2     1    e   1   15   5   4     0    0   0   15   6  10     0    0   0          11       0     256     512       0.47        0   0.0202
* 3  10   7   2     1    e   0   13   5   3     1    2   0   15   6  10     0    0   0          11       0     193     712      0.256        0   0.0146
* 3   5  10  14     1    e   1    8   8   2     1    e   1   13   8   1     1    2   0          11       0      16    1039     0.0146        0   0.0101
* 3   7   7   2     1    e   1    9   8   2     1    e   1   12   7   1     1    6   0          12       0     208     541      0.361        0   0.0208
* 2   5   7   2     1    e   1   11   5   2     1    2   0                                      12       0       2     593    0.00324        0   0.0194
* 2  10   7   3     1    e   1   14   5   2     1    0   0                                      12       0     196     766      0.247        0   0.0151
* 3  10   7   3     1    e   0   13   6   1     1    2   0   15   6  10     0    0   0          13       0     183     676      0.255        0   0.0181
* 3  14   6   3     1    0   0   14   8   1     1    0   0   15   8  10     0    0   0          14       0      58     527      0.103        0   0.0248
* 3   5   7   2     1    e   1    8   8   2     1    e   1   11   7   1     1    e   0          14       0      11     723     0.0143        0   0.0182
* 3  14   5   2     1    0   0   15   8  10     0    0   0   15  10  10     0    0   0          14       0      21     747     0.0265        0   0.0177
* 3  15   6  10     0    0   0   15   8  10     0    0   0   15  10  10     0    0   0          14       0      17     871     0.0184        0   0.0152
* 2  11   7   1     1    e   0   14   5   2     1    0   0                                      15       0      77     829     0.0894        0   0.0174
* 3   9   7   2     1    e   1   10   7   3     1    e   1   13   5   3     1    2   0          16       0     465     972      0.452        0   0.0155
* 2   5   7   2     1    e   1    9   8   2     1    e   1                                      16       0      22    1103     0.0193        0    0.014
* 1  15  10  10     0    0   0                                                                  17       0      19     692     0.0268        0    0.024
* 3   5   7   2     1    e   1    8   8   2     1    e   1   13   5   2     1    2   0          18       0      12    1085     0.0104        0   0.0157
* 3   7   7   2     1    e   1   12   7   1     1    6   0   14   5   2     1    0   0          19       0     164     783      0.196        0   0.0227
* 3   5   7   2     1    e   1    8   8   2     1    e   1   14   8   1     1    0   0          19       0      13     988     0.0124        0   0.0181
* 3   5   7   2     1    e   1    5  10  14     1    e   1   15  10  10     0    0   0          22       0      22     802     0.0256        0   0.0256
* 3   5   7   2     1    e   1   14   5   2     1    0   0   14   7   0     1    0   0          24       0      11     605     0.0168        0   0.0366
* 1  14   8   1     1    0   0                                                                  24       0     121     629      0.185        0   0.0368
* 3   9   7   2     1    e   1   10   7   2     1    e   0   13   5   2     1    2   0          24       0     348    1119      0.292        0   0.0202
* 3   5   7   2     1    e   1    8   8   2     1    e   1   10   9   1     1    e   1          25       0       4    1007    0.00372        0   0.0233
* 3   5  10  14     1    e   1   10   7   3     1    e   1   14   8   1     1    0   0          26       0     287    1143      0.236        0   0.0214
* 2  14   6   2     1    0   0   15  10  10     0    0   0                                      27       0      54     844     0.0608        0   0.0304
* 3   5   7   2     1    e   1    8   8   2     1    e   1   13   6   1     1    2   0          30       0       6     558     0.0098        0    0.049
* 3   7   7   2     1    e   1   12   7   1     1    6   0   14   6   2     1    0   0          35       0     132    1050      0.117        0    0.031
* 3   5   7   2     1    e   1   14   5   2     1    0   0   14   6   3     1    0   0          39       0      28     885     0.0291        0   0.0405
* 2  14   5   2     1    0   0   14   6   3     1    0   0                                      45       0     101    1169     0.0815        0   0.0363
* 3  10   7   3     1    e   1   10   8   3     1    e   1   13   5   2     1    2   0          48       0     149     924      0.147        0   0.0474
* 2  15   8  10     0    0   0   15  10  10     0    0   0                                      68       0      58    1217     0.0442        0   0.0519

@86
* 1  13   4   1     1    0   0                                                                   1       0      56     372       0.15        0  0.00268
* 2  10   7   2     1    e   1    9   7   2     1    e   1                                       2       0      20     367     0.0531        0  0.00531
* 3   5   7   2     1    e   1    9   7   2     1    e   1   10   7   3     1    e   1           2       0      14     398     0.0336        0   0.0048
* 2  14   5   2     1    0   0   15   5  10     0    0   0                                       3       0      27     369     0.0711        0   0.0079
* 3   5   7   2     1    e   1    9   8   2     1    e   1   10   7   2     1    e   1           3       0      25     432     0.0552        0  0.00662
* 2   9   8   2     1    e   1   14   5   2     1    0   0                                       5       0     179     380      0.456        0   0.0127
* 1   9   8   2     1    e   1                                                                   7       0      51     373      0.134        0   0.0184
* 1  13   8   2     1    2   0                                                                   7       0      23     577     0.0394        0    0.012
* 2  10   7   2     1    e   1   14   5   3     1    0   0                                       8       0      54     461      0.113        0   0.0167
* 2   5   7   2     1    e   1   14   5   3     1    0   0                                       8       0      46     469     0.0945        0   0.0164
* 2   5   7   2     1    e   1   10   7   2     1    e   1                                       9       0      34     358     0.0908        0    0.024
* 2  10   7   2     1    e   1   14   5   2     1    0   0                                       9       0      69     452      0.147        0   0.0191
* 1  13   9   1     1    2   0                                                                  12       0      22     584     0.0369        0   0.0201
* 3   5   7   2     1    e   1   10   7   2     1    e   1   14   5   2     1    0   0          13       0      45     385      0.109        0   0.0314
* 3   5   7   2     1    e   1    9   8   2     1    e   1   14   5   2     1    0   0          14       0     200     477      0.391        0   0.0274
* 2   5   7   2     1    e   1   10   7   3     1    e   1                                      17       0      21     435     0.0455        0   0.0369
* 1  14   5   3     1    0   0                                                                  22       0     102     491      0.199        0   0.0429
* 1  14   7   1     1    0   0                                                                  25       0      85     513      0.158        0   0.0465
* 3   5   7   2     1    e   1   10   7   2     1    e   1   13   5   1     1    2   0          27       0      59     628     0.0865        0   0.0396
* 1  14   8   1     1    0   0                                                                  32       0      84     400      0.194        0   0.0741
* 2   7   7   2     1    e   1   15   8  10     0    0   0                                      32       0      53     596     0.0827        0   0.0499
* 2   7   7   2     1    e   1   12   7   1     1    6   0                                      39       0     102     538      0.173        0   0.0662
* 2  10   8   2     1    e   1   13   5   1     1    2   0                                      53       0     141     655      0.195        0   0.0734
* 3   7   7   2     1    e   1   12   7   1     1    6   0   14   5   2     1    0   0          57       0     163     708      0.205        0   0.0715

@87
* 2  10  10   1     1    e   1   14   5   1     1    0   0                                       6       0     699    1780      0.384        0  0.00329
* 2   5  10   2     1    e   1   10  10   1     1    e   1                                      14       0      11    1966    0.00544        0  0.00693
* 2   8   8   1     1    e   1   14   7   1     1    0   0                                      16       0      32    1923     0.0162        0  0.00809
* 2   9   7   2     1    e   1   14   6   2     1    0   0                                      24       0     444    1899      0.226        0   0.0122
* 3   5   7   2     1    e   1    8   8   1     1    e   1   10   7   2     1    e   1          24       0      17    1980    0.00814        0   0.0115
* 2   5   7   2     1    e   1   10   7   3     1    e   1                                      27       0      27    1939     0.0135        0   0.0135
* 2   8   8   1     1    e   1   11   9   1     1    e   0                                      32       0      17    2124    0.00773        0   0.0145
* 2   5  10   2     1    e   1   14   8   1     1    0   0                                      37       0      83    2042     0.0391        0   0.0174
* 2   9   7   2     1    e   1   10  10   1     1    e   1                                      37       0       7    2156    0.00313        0   0.0165
* 1   7   7   2     1    e   1                                                                  38       0      27    2004     0.0132        0   0.0186
* 2   5  10   2     1    e   1   14   5   1     1    0   0                                      45       0     146    2079     0.0674        0   0.0208
* 2  10   8   2     1    e   1   13   5   1     1    2   0                                      55       0     245    1786       0.13        0   0.0293
* 2  10   7   2     1    e   1   14   5   1     1    0   0                                      58       0     101    1841     0.0521        0   0.0299

@88
* 3  12   7   1     1    6   0    7   7  10     1    e   1    5   9   2     1    e   1          10       0      32    1689     0.0181        0  0.00565
* 2  12   7   2     1    6   0    7   7   2     1    e   1                                      12       0      39    1637     0.0232        0  0.00713
* 3   7   7  10     1    e   1   15   8  10     0    0   0    5   9   2     1    e   1          15       0      45    1622     0.0264        0   0.0088
* 3   5  10   2     1    e   1   13   6   1     1    2   0    6   8   2     1    e   1          17       0      92    1649      0.053        0   0.0098
* 2  15   8  12     0    0   0    7   7   2     1    e   1                                      18       0      92    1721     0.0518        0   0.0101
* 2  15   8  13     0    0   0    7   7   2     1    e   1                                      19       0      89    1739     0.0496        0   0.0106
* 3   5   7   2     1    e   1    9   8   2     1    e   1   14   5   2     1    0   0          22       0     606    1699      0.338        0   0.0123
* 3   5  10   2     1    e   1   12   7   1     1    6   0    7   7  10     1    e   1          23       0      43    1573     0.0259        0   0.0138
* 2   5   7   2     1    e   1   14   5   3     1    0   0                                      23       0      17    1666    0.00986        0   0.0133
* 2   8   8   1     1    e   1   10   8   2     1    e   1                                      26       0      29    1596     0.0175        0   0.0157
