
@49
* 1   9  20   4     0    2   0                                                                 117       0       0       0          0        0        1

@56
* 1   9  16   6     0    6   0                                                                  24       0       0       1          0        0     0.96
* 1  10  21   4     0    2   0                                                                1118       0       0      25          0        0    0.978

@57
* 1  10  11   6     0    6   0                                                                1866       0       0      22          0        0    0.988

@58
* 1  10  12   7     0    6   0                                                                  26       0       0       1          0        0    0.963
* 1  10  12   6     0    6   0                                                                1294       0       0      27          0        0     0.98

@59
# 3  12 24  13 15  13 16                                                                         5       0       0       2          0        0    0.657
* 1  10  13   9     0    6   0                                                                  50       0       0       7          0        0    0.877
* 1  10  14   6     0    6   0                                                                 671       0       0      57          0        0    0.922

@60
* 1   9  11   1     0    4   0                                                                   2       0       0      66          0        0   0.0294
* 1  10  15   9     0    6   0                                                                  22       0       0     209          0        0   0.0952
# 2  11 21  13 15                                                                              141       0       0      68          0        0    0.621
* 1  10  16   6     0    6   0                                                                 941       0       0     231          0        0    0.803

@61
* 1  11   6   0     1    2   0                                                                  20       0       0       0          0        0        1
* 1  10   6   0     1    2   0                                                                1453       0       0       0          0        0        1

@62
* 1  11  11   7     0    0   0                                                                   0       0       0       1          0        0        0
* 1  11  10   9     0    0   0                                                                  39       0       0       1          0        0    0.975
* 1  11  11   6     0    0   0                                                                6390       0       0      40          0        0    0.994

@63
* 1  11  12   9     0    0   0                                                                   1       0       0      13          0        0   0.0714
* 1  11  12   8     0    0   0                                                                   5       0       0      14          0        0    0.263
* 1  10   7   8     0    0   0                                                                 382       0       0      19          0        0    0.953
* 1  12  17   0     0    0   0                                                                5394       0       0     401          0        0    0.931

@64
* 1  11  14   0     0    0   0                                                                  11       0       0      32          0        0    0.256
* 1  10   8  11     0    0   0                                                                 114       0       0      43          0        0    0.726
* 1  10   9   8     0    0   0                                                                3012       0       0     157          0        0     0.95

@65
* 2  10   8  12     0    e   0   10  11   2     0    8   0                                       0       0       0      43          0        0        0
* 2  10   8  13     0    e   0   10  11   3     0    e   0                                       0       0       0      43          0        0        0
* 1  11  15   9     0    0   0                                                                   0       0       0      43          0        0        0
* 2   8  10  10     0    e   1    9   5  13     0    e   1                                       0       0       0      43          0        0        0
* 2  10   8  13     0    e   0   10  11   2     0    e   0                                       0       0       0      43          0        0        0
* 2  10   8  12     0    e   0   10  11   3     0    e   0                                       1       0       0      43          0        0   0.0223
* 1   8  10  10     0    e   1                                                                   5       0       0      44          0        0    0.102
* 1  10  10  11     0    0   0                                                                  46       0       0      49          0        0    0.484

@67
* 1  12  12   6     0    0   0                                                                   0       0       0      56          0        0        0
* 1  11   6  11     0    0   0                                                                  26       0       0      56          0        0    0.317
* 1  11   7   8     0    0   0                                                                3615       0       0      82          0        0    0.978

@68
* 3   6   7   2     1    e   0   10   8  10     0    e   0   11   7  10     1    e   0           0       0       0       4          0        0        0
* 2  11   6   2     0    a   0   11   8   8     0    4   0                                       0       0       0       4          0        0        0
* 2   7   5   2    21    2   0    9   5   1    21    2   0                                       0       0       0       4          0        0        0
* 2   7   5   2    21    2   0   10   5  13     1    2   0                                       0       0       0       4          0        0        0
* 1   7   5   2    21    2   0                                                                   1       0       0       7          0        0    0.125
* 1   8   5   2    21    2   0                                                                   3       0       0       4          0        0    0.429
* 1  10   8  10     0    e   0                                                                   6       0       0       8          0        0    0.429
* 1  11   8  15     0    e   0                                                                 756       0       0      14          0        0    0.982
* 1  11   8   0     0    0   0                                                                5072       0       0     770          0        0    0.868

@69
* 2   8   5   2    21    2   0   10   5   0     1    2   0                                     194       0       0     805          0        0     0.19
* 1  10   5   0     1    2   0                                                                1666       0       0     999          0        0    0.625

@70
* 1  12  14   0     0    4   0                                                                   1       0       0     253          0        0  0.00394
* 2  11   9   2     0    4   0   11  10   8     0    4   0                                       8       0       0     245          0        0    0.031
* 1  11   9   9     0    e   0                                                                  60       0       0     254          0        0    0.191
* 1  11   9   8     0    e   0                                                                4883       0       0     314          0        0     0.94

@71
* 1  12   6  11     0    6   0                                                                   1       0       0      29          0        0   0.0333
* 1  12   7   8     0    6   0                                                                 126       0       0      30          0        0    0.808
* 1  13  11   9     0    2   0                                                                5894       0       0     156          0        0    0.974

@72
* 3  11  10   8     0    4   0   12   9  10     0    4   0   12  10   4     0    6   0          13       0       0    1755          0        0  0.00706
* 3  11  10   8     0    4   0   12   7  11     0    6   0   12  10   8     0    4   0          21       0       0    1768          0        0   0.0113
* 3  12   6  11     0    6   0   12   7  10     0    6   0   12   9  11     0    4   0          52       0       0    1703          0        0   0.0284
* 2  13  11  13     0    2   0   13  14   9     0    2   0                                     176       0       0    1789          0        0   0.0878
* 2  12   6  10     0    6   0   12  10   8     0    4   0                                     270       0       0    2514          0        0    0.095
* 1  11   5  10     0    2   0                                                                 549       0       0    1965          0        0    0.218
* 1  12   9  11     0    6   0                                                                2872       0       0    2784          0        0    0.508

@73
* 2  13   6  10     0    2   0   14  11   0     0    0   0                                       0       0       0       2          0        0        0
* 1  13   7   9     0    2   0                                                                   8       0       0       2          0        0      0.8
* 1  13   6  11     0    2   0                                                                 245       0       0      10          0        0    0.961
* 1  13   7   8     0    2   0                                                               24526       0      22     255   0.000888        0     0.99

@74
* 3  12   6   7     0    6   0   13   8   8     0    0   0   13  11   5     0    2   0           0       0       0       8          0        0        0
* 3  12   6   7     0    6   0   13   6   5     0    2   0   13   8   9     0    0   0           0       0       0       8          0        0        0
* 3  13   7   6     0    2   0   13   8   9     0    0   0   14  13   1     0    0   0           0       0       0       8          0        0        0
* 2  13   6   5     0    2   0   14  13   8     0    0   0                                       0       0       0       8          0        0        0
* 2  13   7   6     0    0   0   13   8   8     0    0   0                                       0       0       0       8          0        0        0
* 3  12   6   6     0    6   0   12   7   7     0    6   0   13   7   7     0    0   0           0       0       0       8          0        0        0
* 1  11   6  10     0    e   0                                                                   0       0       0       8          0        0        0
* 1  14  13   0     0    0   0                                                                   0       0       0       8          0        0        0
* 2  13   6   4     0    2   0   13   8  13     0    2   0                                       0       0       0      12          0        0        0
* 2  12   7   7     0    6   0   13   8   9     0    0   0                                       0       0       0      18          0        0        0
* 3  11   7  11     0    8   0   13   8   8     0    0   0   14  13   9     0    0   0           1       0       0       7          0        0     0.12
* 3  13   7   6     0    2   0   13   8   8     0    0   0   14  13   2     0    0   0           2       0       0      12          0        0    0.137
* 2  13   6   4     0    2   0   13   8  12     0    2   0                                       4       0       0       8          0        0    0.327
* 2  12   7   6     0    6   0   13   8   9     0    0   0                                       4       0       0      14          0        0    0.218
* 2  13   6   4     0    2   0   13   8   8     0    0   0                                      19       0       0      39          0        0    0.321
* 2  13   6   5     0    2   0   13   8   8     0    0   0                                      21       0       0      18          0        0    0.528
* 1  13   8   3     0    2   0                                                                1070       0       0      58          0        0    0.949
* 1  13   8   2     0    2   0                                                               17252       0       0    1128          0        0    0.939

@75
* 2  11   6  10     0    e   0   12   6  10     0    4   0                                       3       0       0     148          0        0   0.0195
* 3  12   6  11     0    4   0   12   7  12     0    6   0   13   6  13     0    2   0           3       0       0     181          0        0   0.0157
* 3  12   7  12     0    6   0   13   6  12     0    2   0   13  11  13     0    0   0           4       0       0     157          0        0   0.0239
* 3  13   8  13     0    2   0   13  10  12     0    2   0   14  13  12     0    0   0           6       0       0     151          0        0   0.0367
* 2  13   8  13     0    2   0   14  13  12     0    0   0                                       6       0       0     168          0        0   0.0338
* 3  12   6  11     0    4   0   12   7  13     0    6   0   13   6  13     0    2   0           6       0       0     194          0        0   0.0288
* 3  12   6  11     0    6   0   13  10  11     0    2   0   13  11   9     0    2   0           7       0       0     161          0        0     0.04
* 2  13   8  13     0    2   0   14  13  13     0    0   0                                       7       0       0     174          0        0   0.0379
* 3  12   7  12     0    6   0   13   6  13     0    2   0   13  11  12     0    0   0          10       0       0     184          0        0   0.0495
* 1  14  16   6     0    0   0                                                                  10       0       0     200          0        0   0.0476
* 2  13   6  12     0    2   0   13  11  11     0    2   0                                      17       0       0     210          0        0   0.0734
* 2  12   6  10     0    4   0   13   7  12     0    2   0                                      31       0       0     227          0        0    0.118
* 3  12   6  11     0    0   0   12   7  12     0    6   0   13   6  12     0    2   0          34       0       0     298          0        0   0.0983
* 3  12   6  11     0    0   0   12   7  13     0    6   0   13   6  12     0    2   0          40       0       0     258          0        0    0.129
* 3  12   6  10     0    0   0   13   6  13     0    2   0   13   7  12     0    2   0          61       0       0     332          0        0    0.149
* 2  12   6  10     0    0   0   13   7  13     0    2   0                                     178       0       0     393          0        0    0.305
* 1  13  10  11     0    2   0                                                                 541       0       0     571          0        0    0.487
* 1  12   6  10     0    6   0                                                                6765       0       0    1112          0        0    0.859

@76
* 2  14   6   1     0    0   0   15  11   8     0    0   0                                       0       0       0       0          0        0        0
* 2  15  11   8     0    0   0   15  12   0     0    0   0                                       0       0       0       0          0        0        0
* 2  13   6  10     0    2   0   15  11   9     0    0   0                                       0       0       0       0          0        0        0
* 3  13   6  10     0    2   0   14   6   1     0    0   0   14  11   0     0    0   0           0       0       0       0          0        0        0
* 3  13   6  11     0    2   0   14   6   1     0    0   0   14  11   0     0    0   0           0       0       0       0          0        0        0
* 3  13   6  11     0    2   0   14   7   3     0    0   0   14  11   0     0    0   0           0       0       0       1          0        0        0
* 3  13   6  10     0    2   0   14   7   2     0    0   0   14  11   1     0    0   0           0       0       0       1          0        0        0
* 3  13   6  10     0    2   0   14   7   2     0    0   0   14  11   2     0    0   0           0       0       0       1          0        0        0
* 3  13   6  10     0    2   0   14   6   2     0    0   0   15  12   7     0    0   0           0       0       0       1          0        0        0
* 3  13   6  10     0    2   0   14   7   3     0    0   0   14  11   0     0    0   0           1       0       0       0          0        0     0.96
* 2  13   6  10     0    2   0   14   6   2     0    0   0                                       1       0       0       1          0        0     0.49
* 1  15  12  14     0    0   0                                                                   1       0       0       2          0        0    0.333
* 2  13   6  10     0    2   0   15  12   7     0    0   0                                       1       0       0       7          0        0    0.122
* 2  14   6  10     0    0   0   14   7   0     0    0   0                                       4       0       0       3          0        0     0.56
* 3  13   6  10     0    2   0   15  11   8     0    0   0   15  12   7     0    0   0           8       0       0       8          0        0     0.48
* 1  14   7   2     0    0   0                                                                  14       0       0      16          0        0    0.467
* 2  13   6  10     0    2   0   14   6   1     0    0   0                                      66       0       5      30      0.051        0    0.674
* 1  15  11   9     0    0   0                                                                 198       0       0      96          0        0    0.673
* 1  14   7   0     0    0   0                                                                 263       0      53     294     0.0952        0    0.472
* 1  15  12   0     0    0   0                                                               11895       0     104     557    0.00835        0    0.955

@77
* 2  14   7   4     0    0   0   15  12   3     0    0   0                                       0       0       0       1          0        0        0
* 2  15  11  12     0    0   0   15  12   4     0    0   0                                       0       0       0       1          0        0        0
* 2  15  11  13     0    0   0   15  13  13     0    0   0                                       0       0       0       1          0        0        0
* 3  13   6  10     0    2   0   15  11  13     0    0   0   15  12   4     0    0   0           0       0       0       1          0        0        0
* 3  13   6  10     0    2   0   15  11  12     0    0   0   15  12   4     0    0   0           0       0       0       1          0        0        0
* 3  13   6  10     0    2   0   14   6  12     0    0   0   14   7   0     0    0   0           0       0       0       1          0        0        0
* 3  13   6  10     0    2   0   14   7   0     0    0   0   15  11  12     0    0   0           0       0       0       1          0        0        0
* 2  14   7   0     0    0   0   15  11  12     0    0   0                                       0       0       0       1          0        0        0
* 2  15  11  12     0    0   0   15  13  12     0    0   0                                       1       0       0       3          0        0    0.245
* 2  15  11  12     0    0   0   15  13  13     0    0   0                                       1       0       0       4          0        0    0.196
* 3  13   6  10     0    2   0   14   7   0     0    0   0   15  11  13     0    0   0           2       0       0       1          0        0     0.64
* 3  13   6  10     0    2   0   14   6  12     0    0   0   14   8  12     0    0   0           5       0       2      49     0.0356        0   0.0889
* 1  14   8   1     0    0   0                                                                   8       0       0       5          0        0    0.615
* 3  13   6  10     0    2   0   14   6  13     0    0   0   14   8  12     0    0   0          13       0       0      36          0        0    0.255
* 3  14   7   5     0    0   0   14   8   1     0    0   0   15  12   3     0    0   0          23       0       0      13          0        0    0.613
* 3  13   6  10     0    2   0   14   6  13     0    0   0   14   8  13     0    0   0         171       0       0      54          0        0     0.73
* 3  13   6  10     0    2   0   14   6  12     0    0   0   14   8  13     0    0   0         192       0       2     225     0.0046        0    0.442
* 1  14   8   0     0    0   0                                                                 372       0       0     417          0        0    0.471
* 1  15  13   0     0    0   0                                                               10259       0       1     789   9.05e-05        0    0.929

@78
* 3  12   8  10     0    6   0   12   9  10     0    2   0   14   9   3     0    0   0           0       0       0      12          0        0        0
* 2  13   4  13     0    0   0   15  12  12     0    0   0                                       0       0       0      12          0        0        0
* 2  12   9  10     0    2   0   13   7  13     0    2   0                                       0       0       0      12          0        0        0
* 3  12   8  10     0    6   0   14   8  12     0    0   0   14   9   2     0    0   0           0       0       0      12          0        0        0
* 2  14   9   3     0    0   0   15  11  13     0    0   0                                       0       0       0      14          0        0        0
* 3  13   4  12     0    0   0   14   7  12     0    0   0   15  11  12     0    0   0           0       0       0      14          0        0        0
* 1  14   9   2     0    0   0                                                                   0       0       0      14          0        0        0
* 2  12   8  10     0    6   0   13   6  13     0    2   0                                       0       0       0      14          0        0        0
* 3  13   4  12     0    0   0   15  11  13     0    0   0   15  12  12     0    0   0           0       0       0      14          0        0        0
* 2  12   8  10     0    6   0   13   4  11     0    0   0                                       0       0       0      14          0        0        0
* 3  13   4  12     0    0   0   15  11  13     0    0   0   15  12  13     0    0   0           0       0       0      19          0        0        0
* 2  13   4  12     0    0   0   15  11  13     0    0   0                                       0       0       0      19          0        0        0
* 2  12   9  10     0    0   0   13   6  13     0    2   0                                       0       0       0      21          0        0        0
* 2  12   8  10     0    0   0   14   9   0     0    0   0                                       0       0       0      21          0        0        0
* 2  12   8  10     0    0   0   12   9  10     0    4   0                                       0       0       0      21          0        0        0
* 2  14   7  12     0    0   0   14   9   3     0    0   0                                       0       0       0      21          0        0        0
* 3  12   8  10     0    4   0   13   4  12     0    0   0   15  12  12     0    0   0           1       0       0      12          0        0   0.0738
* 3  12   8  10     0    4   0   13   4  10     0    0   0   14   8  13     0    0   0           1       0       0      13          0        0   0.0686
* 3  13   4  13     0    0   0   14   7  13     0    0   0   15  11  13     0    0   0           1       0       0      14          0        0    0.064
* 2  12   9  10     0    2   0   13   6  12     0    2   0                                       1       0       0      15          0        0   0.0612
* 1  12   8  10     0    4   0                                                                   1       0       0      16          0        0   0.0588
* 3  12   8  10     0    0   0   13   4  13     0    0   0   14   9   3     0    0   0           1       0       0      19          0        0    0.048
* 3  13   4  12     0    0   0   14   7  13     0    0   0   15  11  12     0    0   0           1       0       0      20          0        0   0.0457
* 2  13   4  13     0    0   0   15  11  13     0    0   0                                       1       0       0      23          0        0   0.0408
* 2  14   9   3     0    0   0   15  11  12     0    0   0                                       1       0       0      26          0        0   0.0363
* 2  13   6  13     0    2   0   14   9   3     0    0   0                                       1       0       0      38          0        0   0.0251
* 3  12   8  10     0    0   0   13   4  12     0    0   0   14   8  12     0    0   0           2       0       0      17          0        0    0.101
* 1  12   8  10     0    6   0                                                                   2       0       0      21          0        0    0.087
* 2  13   4  13     0    0   0   15  11  12     0    0   0                                       2       0       0      24          0        0   0.0754
* 1  12   9  10     0    6   0                                                                   2       0       0      27          0        0    0.069
* 2  13   6  13     0    2   0   14   9   2     0    0   0                                       2       0       0      32          0        0   0.0576
* 3  13   6  13     0    2   0   14   7  12     0    0   0   14   9   2     0    0   0           3       0       0      29          0        0     0.09
* 3  13   6  12     0    2   0   14   7  12     0    0   0   14   9   2     0    0   0           3       0       0      39          0        0   0.0686
* 3  13   6  12     0    2   0   14   7  13     0    0   0   14   9   2     0    0   0           4       0       0      34          0        0    0.101
* 2  13   6  12     0    2   0   14   9   3     0    0   0                                       4       0       0      42          0        0   0.0852
* 2  13   6  12     0    2   0   14   9   2     0    0   0                                       7       0       0      46          0        0    0.129
* 2  13   4  12     0    0   0   14   7  12     0    0   0                                      66       0       0     156          0        0    0.291
* 2  13   4  12     0    0   0   14   7  13     0    0   0                                      80       0       0     222          0        0     0.26
* 1  13   4  11     0    0   0                                                                 103       0       0      53          0        0     0.66
* 2  13   4  13     0    0   0   14   7  12     0    0   0                                     109       0       0     302          0        0     0.26
* 2  13   4  13     0    0   0   14   7  13     0    0   0                                     110       0       0     411          0        0    0.207
* 1  13   4  10     0    0   0                                                                3375       0       0     521          0        0    0.866
* 1  14   9   0     0    0   0                                                               21291       0       0    3896          0        0    0.845

@79
* 3  12   8  13     1    2   0   12   9   2     1    2   0   14   8  13     0    0   0           0       0       0       0          0        0        0
* 3  12   8  13     1    2   0   12   9   2     1    2   0   13   4  12     0    0   0           0       0       0       0          0        0        0
* 2  10   9  10     1    e   0   15   6  10     0    0   0                                       0       0       0       0          0        0        0
* 2  11   9   2     1    6   0   14   6  10     0    0   0                                       0       0       0       0          0        0        0
* 3  14   8  13     0    0   0   14   9  12     0    0   0   15  13  12     0    0   0           0       0       0       0          0        0        0
* 2  10   9  11     1    e   0   11   9   1     1    6   0                                       0       0       0       0          0        0        0
* 3  12   8  13     1    2   0   13   4  13     0    0   0   15  13  12     0    0   0           0       0       0       0          0        0        0
* 2  10   9  11     1    e   0   12   8  13     1    2   0                                       0       0       0       0          0        0        0
* 2  11   9   1     1    6   0   15   6  10     0    0   0                                       0       0       0       0          0        0        0
* 3  14   6  10     0    0   0   15   6  11     0    0   0   15  11   9     0    0   0           0       0       0       0          0        0        0
* 3  10   9  11     1    e   0   11   9   1     1    6   0   12   8  12     1    2   0           0       0       0       0          0        0        0
* 1  12   9   1     1    2   0                                                                   0       0       0       0          0        0        0
* 3  11   9   2     1    6   0   12   9   1     1    2   0   14   6  10     0    0   0           0       0       0       0          0        0        0
* 3  10   9  11     1    e   0   13   4  13     0    0   0   14   9  13     0    0   0           0       0       0       0          0        0        0
* 1  10   9  11     1    e   0                                                                   0       0       0       0          0        0        0
* 3  10   9  11     1    e   0   13   4  13     0    0   0   14   9  12     0    0   0           0       0       0       0          0        0        0
* 2  10   9  11     1    e   0   14   6  10     0    0   0                                       0       0       0       0          0        0        0
* 2  11   9   1     1    6   0   12   8  13     1    2   0                                       0       0       0       0          0        0        0
* 3  10   8  10     1    e   0   13   4  13     0    0   0   14   9  13     0    0   0           0       0       0       0          0        0        0
* 1  10   8  10     1    e   0                                                                   0       0       0       0          0        0        0
* 3  11   9   1     1    6   0   13   4  13     0    0   0   14   9  13     0    0   0           0       0       0       0          0        0        0
* 3  13   4  13     0    0   0   14   7   1     0    0   0   14   9  13     0    0   0           0       0       0       0          0        0        0
* 1  10   8  11     1    e   0                                                                   0       0       0       0          0        0        0
* 3  10   9  10     1    e   0   13   4  13     0    0   0   14   9  13     0    0   0           0       0       0       0          0        0        0
* 3  10   9  10     1    e   0   13   4  13     0    0   0   14   9  12     0    0   0           0       0       0       0          0        0        0
* 2  10   8  10     1    e   0   14   6   2     0    0   0                                       0       0       0       0          0        0        0
* 3  14   7   1     0    0   0   15   6  11     0    0   0   15  11   9     0    0   0           0       0       0       2          0        0        0
* 3  10   8  11     1    e   0   11   9   1     1    6   0   12   9   1     1    2   0           0       0       0       2          0        0        0
* 2  11   9   1     1    6   0   12   8  12     1    2   0                                       0       0       0       2          0        0        0
* 3  11   9   1     1    6   0   13   4  13     0    0   0   14   9  12     0    0   0           0       0       0       2          0        0        0
* 2  12   9   1     1    2   0   14   6  10     0    0   0                                       0       0       0       2          0        0        0
* 3  11   9   1     1    6   0   14   6  10     0    0   0   15   6  10     0    0   0           0       0       0       2          0        0        0
* 3  13   4  12     0    0   0   14   7   1     0    0   0   14   9  13     0    0   0           0       0       0       2          0        0        0
* 3  11   9   1     1    6   0   12   8  13     1    2   0   15   6  10     0    0   0           0       0       1       5      0.192        0        0
* 3  13   4  13     0    0   0   14   6  10     0    0   0   14   9  12     0    0   0           0       0       2       5      0.384        0        0
* 3  13   4  12     0    0   0   14   6  10     0    0   0   14   9  12     0    0   0           1       0       0       2          0        0     0.32
* 3  14   7   1     0    0   0   15   7  12     0    0   0   15  11   9     0    0   0           1       0       1       3       0.24        0     0.24
* 1  10   9   2     1    e   0                                                                   1       0       0       4          0        0      0.2
* 1  14  10   0     0    0   0                                                                   1       0       1       5      0.167        0    0.167
* 3  13   4  12     0    0   0   14   6  10     0    0   0   14   9  13     0    0   0           2       0       0       0          0        0     0.96
* 1  15  11   8     0    0   0                                                                   3       0       0       6          0        0    0.333
* 1  11   9   1     1    6   0                                                                   5       0       3       9      0.214        0    0.357
* 1  15   7   9     0    0   0                                                                  42       0       3      14     0.0536        0     0.75
* 1  15   7   8     0    0   0                                                                1095       0      14      56     0.0122        0    0.951
* 1  15   6  11     0    0   0                                                               52547       0     248    1151    0.00462        0    0.979

@80
* 3  11   5   2     1    2   0   12   6  12     1    2   0   13   9  10     0    2   0           0       0       0       3          0        0        0
* 1  12   6   2     1    2   0                                                                   0       0       0       4          0        0        0
* 2  13   6  13     0    2   0   15   7   2     0    0   0                                       0       0       0       4          0        0        0
* 3  10   6  12     1    6   0   12   6  12     1    2   0   14   6  10     0    0   0           0       0       0       5          0        0        0
* 1  11  12   1     1    e   0                                                                   0       0       1       5        0.2        0        0
* 2  14  11   0     0    0   0   15   7   0     0    0   0                                       0       0       1       5      0.196        0        0
* 2  13   5  13     0    2   0   15   6  13     0    0   0                                       0       0       0       5          0        0        0
* 3  13   5  12     0    2   0   15   7   1     0    0   0   15   9   8     0    0   0           0       0       0       6          0        0        0
* 2  13   6  13     0    2   0   15   7   0     0    0   0                                       0       0       0       6          0        0        0
* 3  13   5  13     0    2   0   14   6  10     0    0   0   15   6  12     0    0   0           0       0       2       6       0.32        0        0
* 2  13   9  10     0    2   0   15   7   0     0    0   0                                       0       0       0       6          0        0        0
* 3  13   9  11     0    2   0   14   7   6     0    0   0   15   7   0     0    0   0           0       0       2       6       0.32        0        0
* 3  12   6  13     1    2   0   13   5  12     0    2   0   14   6  10     0    0   0           0       0       0       6          0        0        0
* 3  14   6  10     0    0   0   15   8  12     0    0   0   15   9   9     0    0   0           0       0       2       6       0.32        0        0
* 2  15   6  12     0    0   0   15   8  13     0    0   0                                       0       0       2       6      0.327        0        0
* 3  12   6  12     1    2   0   13   6  12     0    2   0   15   8  13     0    0   0           0       0       2       6       0.32        0        0
* 3  13   5  12     0    2   0   13   6  12     0    2   0   15   7   0     0    0   0           0       0       0       6          0        0        0
* 3  12   6  13     1    2   0   14   6  10     0    0   0   15   7   0     0    0   0           0       0       1       6       0.16        0        0
* 3  13   5  12     0    2   0   14   6  10     0    0   0   15   8  13     0    0   0           0       0       1       6       0.16        0        0
* 2  12   6  13     1    2   0   13   5  13     0    2   0                                       0       0       0       6          0        0        0
* 3  12   6  12     1    2   0   13   5  13     0    2   0   14   6  10     0    0   0           0       0       0       6          0        0        0
* 2  15   8  10     0    0   0   15   9   9     0    0   0                                       0       0       0       8          0        0        0
* 3  11   5   2     1    2   0   11   5   2     1    2   0   13   5  12     0    2   0           0       0       0       8          0        0        0
* 2  13   6  12     0    2   0   15   7   0     0    0   0                                       0       0       0      12          0        0        0
* 3  14   6  10     0    0   0   15   6  12     0    0   0   15   9   9     0    0   0           0       0       5      19      0.253        0        0
* 3  13   5  12     0    2   0   14  11   0     0    0   0   15   7   0     0    0   0           1       0       0       3          0        0     0.24
* 3  13   5  13     0    2   0   15   6  13     0    0   0   15   7   0     0    0   0           1       0       1       4      0.192        0    0.192
* 3  14  11   0     0    0   0   15   6  13     0    0   0   15   7   1     0    0   0           1       0       0       5          0        0     0.16
* 3   7   7   2     1    e   1   13   6  12     0    2   0   15   7   1     0    0   0           1       0       0       6          0        0    0.137
* 3  14   6  10     0    0   0   15   6  12     0    0   0   15   8  12     0    0   0           1       0       3       7       0.36        0     0.12
* 3  13   5  13     0    2   0   15   7   0     0    0   0   15   8  12     0    0   0           1       0       0       8          0        0    0.107
* 3  13   5  13     0    2   0   15   6  13     0    0   0   15   9   8     0    0   0           1       0       1      18     0.0505        0   0.0505
* 1   7   7   2     1    e   1                                                                   3       0       7       9      0.583        0     0.25
* 3  13   5  12     0    2   0   15   6  13     0    0   0   15   9   8     0    0   0           3       0       0      12          0        0    0.192
* 3  13   5  12     0    2   0   14   6  10     0    0   0   15   8  12     0    0   0           3       0       3      15       0.16        0     0.16
* 3  14   6  10     0    0   0   15   6  13     0    0   0   15   9   9     0    0   0           3       0       5      26      0.166        0   0.0993
* 3  13   5  12     0    2   0   15   6  12     0    0   0   15   9   8     0    0   0           5       0       0      29          0        0    0.141
* 1  13   5  13     0    2   0                                                                   6       0       3      34      0.075        0     0.15
* 2  13   5  13     0    2   0   15   7   0     0    0   0                                       7       0       3      19      0.113        0    0.264
* 1  13   6  10     0    2   0                                                                  18       0       4      40      0.069        0     0.31
* 2  15   6  12     0    0   0   15   9   8     0    0   0                                      46       0       1      58    0.00942        0    0.433
* 2  15   6  13     0    0   0   15   9   8     0    0   0                                      49       0       3     104     0.0192        0    0.314
* 2  14   6  10     0    0   0   15   9   9     0    0   0                                      86       0      12     153     0.0492        0    0.353
* 2  15   7   2     0    0   0   15   9   8     0    0   0                                     175       0      62     239      0.147        0    0.414
* 1   7   8   2     1    e   1                                                                 483       0       2     414    0.00223        0    0.538
* 1  15   8  11     0    0   0                                                                2373       0       2     897   0.000612        0    0.726
* 1  15   9   8     0    0   0                                                               51222       0      44    3270   0.000807        0     0.94

@81
* 3   7   8   2     1    e   1   10   6   3     1    6   0   14   7   3     1    0   0           0       0       0      30          0        0        0
* 3  13   6  11     0    2   0   15   7   8     0    0   0   15  11   8     0    0   0           0       0       0      30          0        0        0
* 3   7   8   2     1    e   1   10   6   3     1    6   0   14   5  13     0    0   0           0       0       0      30          0        0        0
* 4  10   6   3     1    6   0   13   5  13     0    2   0   13   6  10     0    2   0   15   7   0     0    0   0           0       0      30      30       0.94        0        0
* 1   8   5   2    21    2   0                                                                   0       0       0      30          0        0        0
* 2  15   6  11     0    0   0   15  11   8     0    0   0                                       0       0       0      30          0        0        0
* 3   9   8   1     1    e   0   14   5  13     1    0   0   14   6  10     0    0   0           0       0       6      30      0.192        0        0
* 3  11   5   2     1    2   0   13   6  10     0    2   0   14   5  13     0    0   0           0       0       2      30      0.064        0        0
* 3   7   8   2     1    e   1   13   9  10     0    2   0   15   6  11     0    0   0           0       0       0      31          0        0        0
* 3  13   6  10     0    2   0   14   5  12     1    0   0   15   7   9     0    0   0           0       0       3      35     0.0823        0        0
* 3   7   8   2     1    e   1    9   8   1     1    e   0   13   6  10     0    2   0           0       0       1      35     0.0274        0        0
* 3  12   9   1     1    6   0   13   4   5     1    0   0   14   5  12     1    0   0           0       0      10      35      0.274        0        0
* 3   9   7   2     1    e   0   15   8  11     0    0   0   15   9   8     0    0   0           0       0      16      36      0.427        0        0
* 2  12   9   1     1    6   0   14   5  13     0    0   0                                       1       0      16      30      0.506        0   0.0316
* 4  13   5  13     0    2   0   13   6  10     0    2   0   14   5  13     0    0   0   15   7   0     0    0   0           1       0       0      35          0        0   0.0261
* 4  15   6  11     0    0   0   15   7   2     0    0   0   15   8  11     0    0   0   15   9   8     0    0   0           2       0      14      31      0.399        0    0.057
* 2  13   6  10     0    2   0   15   7   8     0    0   0                                       2       0       5      33       0.14        0    0.056
* 4  13   6  10     0    2   0   15   7   2     0    0   0   15   8  11     0    0   0   15   9   8     0    0   0           2       0      12      41      0.262        0   0.0437
* 3   7   8   2     1    e   1    9   7   2     1    e   0   13   5  13     0    2   0           4       0      15      43      0.306        0   0.0817
* 2  12   8   3     1    6   0   15   8  11     0    0   0                                       5       0      20      36      0.478        0     0.12
* 4  13   5  13     0    2   0   14   6  10     0    0   0   15   7   0     0    0   0   15   8  11     0    0   0           5       0       6      69     0.0762        0   0.0635
* 2  15   8  11     0    0   0   15   9   8     0    0   0                                       6       0      23      47      0.425        0    0.111
* 3  10   8   0     1    e   1   14   6  10     0    0   0   15   8  11     0    0   0           8       0      53     139      0.346        0   0.0522
* 3  13   6  10     0    2   0   15   7   2     0    0   0   15   9   8     0    0   0          16       0       8      53      0.111        0    0.223
* 3   7   8   2     1    e   1   14   6  10     0    0   0   14  10  11     0    0   0          17       0      11     122      0.076        0    0.117
* 1  13   6  10     0    2   0                                                                  21       0       2      74     0.0211        0    0.221
* 2  13   6  10     0    2   0   15   9   8     0    0   0                                      27       0      13      95      0.104        0    0.217
* 3  13   6  10     0    2   0   14   6  10     0    0   0   15   7   9     0    0   0          29       0      16     147     0.0873        0    0.158
* 2  13   6  10     0    2   0   14   6  10     0    0   0                                      29       0      15     176     0.0717        0    0.139
* 2  14   5  13     0    0   0   15   6  11     0    0   0                                      30       0       6     205      0.025        0    0.125
* 2  13   5  12     1    2   0   14   6  10     0    0   0                                      40       0       1     235    0.00356        0    0.143
* 4  13   6  10     0    2   0   15   7   2     0    0   0   15   9   8     0    0   0   15  11   8     0    0   0          57       0      19     340      0.045        0    0.135
* 3  13   6  10     0    2   0   15   9   8     0    0   0   15  11   8     0    0   0          65       0      33     275     0.0932        0    0.184
* 3  13   5  13     1    2   0   14   5  12     1    0   0   14   6  10     0    0   0          76       0       1     397    0.00203        0    0.154
* 3  14   6  10     0    0   0   15   6  11     0    0   0   15   8  11     0    0   0         123       0      34     473     0.0548        0    0.198
* 3  10   8   0     1    e   1   13   5  12     0    2   0   14   6  10     0    0   0         160       0     144     596      0.183        0    0.203
* 3  13   5  12     1    2   0   14   6  10     0    0   0   15   6  11     0    0   0         465       0     137     756      0.108        0    0.366
* 1  14   5  13     0    0   0                                                                1188       0       0    1221          0        0    0.493
* 3  13   5  13     1    2   0   14   6  10     0    0   0   15   6  11     0    0   0        2720       0     936    2409      0.175        0    0.509
* 1  14   6  10     0    0   0                                                                6272       0       8    5129   0.000702        0     0.55
* 1  15  11   8     0    0   0                                                               42446       0       7   11401    0.00013        0    0.788

@82
* 1  11   5   2     1    2   0                                                                   0       0       5      12      0.417        0        0
* 1  13   9  10     0    2   0                                                                   0       0       1      12     0.0833        0        0
* 1  10  10   1     1    e   0                                                                   0       0       3      12       0.25        0        0
* 1  12   8  10     0    6   0                                                                   0       0       0      13          0        0        0
* 2   5   7   2     1    e   1   14   7   1     1    0   0                                       0       0       6      14       0.42        0        0
* 1   9   7   2     1    e   0                                                                   0       0       1      14     0.0714        0        0
* 1  14   8   1     1    0   0                                                                   0       0       8      14      0.571        0        0
* 1  12   7   1     1    6   0                                                                   0       0       3      14      0.214        0        0
* 1  11  12   1     1    e   0                                                                   0       0       4      15      0.267        0        0
* 1  11   6   2     1    2   0                                                                   0       0       8      15      0.533        0        0
* 1  10  10   1     1    e   1                                                                   0       0       6      15        0.4        0        0
* 1  14   7   0     1    0   0                                                                   1       0       5      12      0.385        0   0.0769
* 1  10   8   3     1    e   1                                                                   1       0       0      13          0        0   0.0714
* 1  13   6  10     0    2   0                                                                   1       0       2      14      0.133        0   0.0667
* 1   9  11   1     1    e   1                                                                   1       0       3      23      0.125        0   0.0417
* 1  12   6   3     1    2   0                                                                   1       0       7      51      0.135        0   0.0192
* 1  14   5  12     0    0   0                                                                   2       0       6      15      0.353        0    0.118
* 1   9   8   2     1    e   1                                                                   2       0      19      73      0.253        0   0.0267
* 1  13   5   3     1    2   0                                                                   5       0      14      46      0.275        0    0.098
* 1  13   8   0     1    2   0                                                                   5       0       5      68     0.0685        0   0.0685
* 1  12   9   1     1    6   0                                                                   5       0       5      75     0.0625        0   0.0625
* 1  14   6   3     1    0   0                                                                   5       0      38     108      0.336        0   0.0442
* 2   5   7   2     1    e   1   14   6   2     1    0   0                                       6       0       8      17      0.341        0    0.256
* 1  14  10   0     0    0   0                                                                   6       0       7      80     0.0814        0   0.0698
* 1  15   6  10     0    0   0                                                                   7       0      21      24      0.677        0    0.226
* 2   8   8   1     1    e   1   13   8   0     1    2   0                                       7       0       3      61     0.0432        0    0.101
* 1  11   7   1     1    e   0                                                                   7       0      51     113      0.425        0   0.0583
* 1  13   5  12     0    2   0                                                                   9       0       6      52     0.0984        0    0.148
* 2   9   7   2     1    e   1   10   8   2     1    e   1                                      10       0       3      86     0.0306        0    0.102
* 1  13   9   1     1    2   0                                                                  12       0      19      96      0.176        0    0.111
* 1  10   8   1     1    e   0                                                                  15       0       2      31     0.0435        0    0.326
* 2   5   7   2     1    e   1   13   8   0     1    2   0                                      16       0      20     120      0.144        0    0.115
* 1  14   5   0     1    0   0                                                                  19       0     133     157      0.756        0    0.108
* 1   9   7   2     1    e   1                                                                  21       0      62     136      0.395        0    0.134
* 1  13   5   2     1    2   0                                                                  52       0     140     244      0.473        0    0.176
* 1  13   4   1     1    0   0                                                                  68       0      74     176      0.303        0    0.279
* 2   5   7   2     1    e   1   14   6   3     1    0   0                                      71       0     139     296      0.371        0     0.19
* 1   9   8   3     1    e   1                                                                  74       0     253     466      0.469        0    0.137
* 1  14   6   2     1    0   0                                                                  99       0     254     367      0.545        0    0.212
* 1  15   8  10     0    0   0                                                                 145       0     430     540      0.628        0    0.212
* 2   5   7   2     1    e   1    9   8   2     1    e   1                                     206       0     694    1476      0.404        0     0.12
* 1   9   9   1     1    e   1                                                                 349       0     344     685      0.333        0    0.338
* 1  10   7  12     1    e   0                                                                 437       0     658    1682      0.311        0    0.206
* 2   8   8   1     1    e   1   13   8   2     1    2   0                                     442       0      92    1034     0.0611        0    0.293
* 1  11   9   1     1    e   0                                                                1718       0     306    2119     0.0797        0    0.448
* 2   9   8   2     1    e   1   10   8   2     1    e   1                                    2865       0    1219    3837      0.178        0    0.419
* 1  13   5   1     1    0   0                                                                3979       0    3979    6702      0.373        0    0.373
* 1  14   7   1     1    0   0                                                                8316       0    8839   10681      0.465        0    0.438
* 1  15  10  10     0    0   0                                                                9111       0   10264   18997      0.365        0    0.324
* 1   5   7   2     1    e   1                                                               25988       0   27356   28108      0.506        0     0.48

@83
* 1  11   6   1     1    6   0                                                                   0       0      45     111      0.405        0        0
* 2  11   6   1     1    6   0   11   7   1     1    e   0                                       1       0      21     115      0.177        0  0.00845
* 3   9   7   1     1    e   1    9   8   1     1    e   1    9   9   1     1    e   1           1       0      33     123      0.255        0  0.00774
* 2  10   9   2     1    e   0   14   8   1     1    0   0                                       1       0      41     126      0.316        0  0.00772
* 2   9   8   1     1    e   1   10   6   2     1    6   0                                       1       0       1     127    0.00766        0  0.00766
* 2   9   7   1     1    e   1   11   5   2     1    2   0                                       1       0      11     128     0.0836        0   0.0076
* 2  11   5   2     1    2   0   11   6   1     1    6   0                                       1       0      20     166      0.117        0  0.00587
* 3   9   8   1     1    e   1    9   9   1     1    e   1   11   9   1     1    e   0           2       0      14     121      0.109        0   0.0156
* 3   9   7   1     1    e   1   10  10   1     1    e   0   11   7   1     1    e   0           2       0       8     124      0.061        0   0.0152
* 3   9   8   1     1    e   1    9   9   1     1    e   1   13   5   0     1    2   0           2       0      44     129      0.322        0   0.0147
* 1   9   7   1     1    e   1                                                                   4       0      70     111      0.609        0   0.0348
* 3   9   9   1     1    e   1   11   7   1     1    e   0   14   8   1     1    0   0           5       0      41     116      0.325        0   0.0397
* 2  13   5   0     1    2   0   14   8   1     1    0   0                                       6       0      34     138      0.231        0   0.0408
* 2   9   9   1     1    e   1   14   8   1     1    0   0                                       7       0      44     131      0.312        0   0.0497
* 2  11   7   1     1    e   0   14   8   1     1    0   0                                      10       0      42     156      0.248        0    0.059
* 2   9   8   1     1    e   1   13   4   1     1    0   0                                      10       0      26     167      0.144        0   0.0554
* 3  11   7   1     1    e   0   11   9   1     1    e   0   14   8   1     1    0   0          12       0      13     144       0.08        0   0.0738
* 2  11   6   1     1    6   0   13   4   1     1    0   0                                      16       0      20     197      0.092        0   0.0736
* 1   9   9   1     1    e   1                                                                  20       0      37     177      0.188        0    0.102
* 2   9   8   1     1    e   1   11   6   1     1    6   0                                      25       0      22     213     0.0906        0    0.103

@84
* 2   9   9   1     1    e   1   15   5  10     0    0   0                                       2       0      79     314      0.245        0   0.0062
* 3   5   7   2     1    e   1   13   5   0     1    2   0   14   6   2     1    0   0           3       0      75     337      0.212        0  0.00847
* 3  13   6   1     1    2   0   13   8   1     1    2   0   13   9   1     1    2   0           3       0      20     355     0.0536        0  0.00804
* 2  13   5   0     1    2   0   14   7   1     1    0   0                                       5       0      59     309      0.184        0   0.0156
* 3   5   7   2     1    e   1   15   5  10     0    0   0   15   6  10     0    0   0           5       0      27     316     0.0807        0    0.015
* 2   5   7   2     1    e   1   13   5   0     1    2   0                                       6       0      63     303        0.2        0    0.019
* 1  10   8   1     1    e   1                                                                   6       0      45     349      0.127        0   0.0169
* 3   5   7   2     1    e   1   10   7   2     1    e   1   14   5   2     1    0   0           7       0     101     330      0.288        0   0.0199
* 2  13   8   1     1    2   0   14   6   2     1    0   0                                       8       0      47     414      0.109        0   0.0186
* 2  13   6   1     1    2   0   15   6  10     0    0   0                                       9       0      30     321     0.0891        0   0.0267
* 3   5  10   2     1    e   1   14   6   2     1    0   0   15   5  10     0    0   0           9       0      89     340      0.245        0   0.0248
* 3  10   8   1     1    e   1   14   7   1     1    0   0   15   5  10     0    0   0           9       0     124     369      0.315        0   0.0229
* 3   5   7   2     1    e   1   14   5   2     1    0   0   14   7   1     1    0   0           9       0      68     391      0.163        0   0.0216
* 3   5   7   2     1    e   1   14   7   1     1    0   0   15   5  10     0    0   0          11       0      77     358        0.2        0   0.0286
* 3   5   7   2     1    e   1    9   7   1     1    e   1   14   5   2     1    0   0          11       0     102     422      0.226        0   0.0244
* 3   5  10   2     1    e   1   11   7   1     1    e   0   15   5  10     0    0   0          11       0     100     465      0.202        0   0.0222
* 3   5   9   2     1    e   1   14   5   2     0    0   0   15   5  10     0    0   0          13       0      28     378     0.0687        0   0.0319
* 3   5   7   2     1    e   1    9   7   1     1    e   1    9   8   2     1    e   1          13       0      96     476      0.188        0   0.0255
* 3   5   7   2     1    e   1    9   8   2     1    e   1   10   7   2     1    e   0          14       0      38     400     0.0881        0   0.0325
* 3   9   7   1     1    e   1   13   5   0     1    2   0   15   5  10     0    0   0          14       0     152     433      0.326        0   0.0301
* 3   5  10   2     1    e   1   13   8   1     1    2   0   15   5  10     0    0   0          17       0     173     717      0.226        0   0.0222
* 2   5   7   2     1    e   1   15   6  10     0    0   0                                      18       0      47     447     0.0991        0   0.0379
* 3   5  10   2     1    e   1   10   9   1     1    e   1   15   6  10     0    0   0          18       0     135     508      0.246        0   0.0329
* 3   5   7   2     1    e   1   13   5   0     1    2   0   15   6  10     0    0   0          19       0     127     489       0.24        0   0.0359
* 3   5   7   2     1    e   1    9   7   1     1    e   1   15   5  10     0    0   0          19       0     113     526      0.199        0   0.0335
* 3   7   7   1     1    e   1   12   7   1     1    6   0   15   6  10     0    0   0          25       0     140     545      0.236        0   0.0421
* 3   5  10   2     1    e   1    9   7   1     1    e   1   15   5  10     0    0   0          27       0     209     777       0.25        0   0.0322
* 3   9   8   2     1    e   1   15   5  10     0    0   0   15   6  10     0    0   0          29       0     261     644      0.372        0   0.0414
* 3   5   9   2     1    e   1    7   7   1     1    e   1   15   8  10     0    0   0          33       0     143     570      0.228        0   0.0525
* 1  11   5   2     1    2   0                                                                  35       0     162     897      0.174        0   0.0376
* 3   5  10   2     1    e   1   14   5   2     1    0   0   15   6  10     0    0   0          41       0     110     603      0.164        0   0.0611
* 3   9   7   1     1    e   1    9   8   2     1    e   1   15   5  10     0    0   0          42       0     284     804      0.322        0   0.0477
* 3   5   7   2     1    e   1   10   7   2     1    e   1   15   5  10     0    0   0          43       0     190     734      0.235        0   0.0531
* 3   5  10   2     1    e   1   14   7   1     1    0   0   15   6  10     0    0   0          44       0     144     673      0.193        0   0.0589
* 3  10   7   2     1    e   1   15   5  10     0    0   0   15   6  10     0    0   0          51       0     179     846      0.192        0   0.0546
* 3   5   7   2     1    e   1   15   6  10     0    0   0   15   8  10     0    0   0          82       0     125    1021      0.109        0   0.0714
* 2  10   8   1     1    e   1   15   6  10     0    0   0                                      89       0     292     932       0.28        0   0.0854
* 3  15   6  10     0    0   0   15   8  10     0    0   0   15  10  10     0    0   0         111       0     161    1103      0.127        0   0.0878

@85
* 2  13   8   1     1    2   0   13   9   1     1    2   0                                       0       0      14     482     0.0285        0        0
* 3   5   7   2     1    e   1    8   8   2     1    e   1   10   6   2     1    6   0           1       0       2     994    0.00193        0 0.000965
* 3   8   8   2     1    e   1    9   7   2     1    e   1   10   7   2     1    e   0           2       0       2     749    0.00256        0  0.00256
* 2  10   7   3     1    e   1   10   8   3     1    e   1                                       2       0     130    1196      0.106        0  0.00164
* 3   9   7   2     1    e   1    9   8   2     1    e   1   14   6   2     1    0   0           3       0     243     527       0.44        0  0.00543
* 3   5   7   2     1    e   1    8   8   2     1    e   1   15   5   4     0    0   0           4       0       6     761    0.00753        0  0.00502
* 3   5   7   2     1    e   1   14   6   3     1    0   0   14   8   1     1    0   0           5       0       5     482    0.00986        0  0.00986
* 3   5  10  14     1    e   1    9   7   2     1    e   1   10  10   1     1    e   1           5       0      16     506     0.0301        0  0.00939
* 3   5   7   2     1    e   1    5  10  14     1    e   1   15   5   4     0    0   0           5       0      11     651     0.0161        0  0.00732
* 3   5   7   2     1    e   1    9   8   2     1    e   1   10   7   3     1    e   1           5       0      11     663     0.0158        0  0.00719
* 2   5   7   2     1    e   1   11   5   2     1    2   0                                       6       0       6     571     0.0102        0   0.0102
* 3   5   7   2     1    e   1    8   8   2     1    e   1   15   5   5     0    0   0           6       0       4     685    0.00556        0  0.00834
* 3  10   7   3     1    e   0   13   6   1     1    2   0   15   6  10     0    0   0           7       0     167     656      0.242        0   0.0101
* 3   9   9   2     1    e   1   15   5   4     0    0   0   15   6  10     0    0   0           8       0     230     498      0.436        0   0.0152
* 3  14   6   3     1    0   0   14   8   1     1    0   0   15   8  10     0    0   0           8       0      58     511      0.107        0   0.0148
* 3   7   7   2     1    e   1    9   8   2     1    e   1   12   7   1     1    6   0           8       0     209     519      0.381        0   0.0146
* 3   8   8   2     1    e   1   10   7   2     1    e   0   14   8   1     1    0   0           8       0      19     624     0.0289        0   0.0122
* 3  10   7   2     1    e   0   13   5   3     1    2   0   15   6  10     0    0   0           8       0     200     691      0.275        0    0.011
* 3   9   7   2     1    e   1    9   8   2     1    e   1   13   6   1     1    2   0           9       0     372     805      0.439        0   0.0106
* 3   9   7   2     1    e   1   10   7   3     1    e   1   13   5   2     1    2   0           9       0     471     985      0.455        0  0.00869
* 2  10   7   3     1    e   1   14   5   2     1    0   0                                      10       0     182     751      0.234        0   0.0129
* 3   5   7   2     1    e   1    8   8   2     1    e   1   10   9   1     1    e   1          10       0       7     975    0.00682        0  0.00975
* 3   7   7   2     1    e   1    9   9   2     1    e   1   12   7   1     1    6   0          11       0     214     487      0.413        0   0.0212
* 3   5   7   2     1    e   1   10   7   3     1    e   1   13   6   1     1    2   0          11       0     137     560       0.23        0   0.0185
* 3   5   7   2     1    e   1    8   8   2     1    e   1   11   7   1     1    e   0          13       0       8     699     0.0108        0   0.0175
* 3   8   8   2     1    e   1   11   7   1     1    e   0   13   8   1     1    2   0          13       0      12     712     0.0159        0   0.0172
* 3  15   6  10     0    0   0   15   8  10     0    0   0   15  10  10     0    0   0          13       0      12     852     0.0133        0   0.0144
* 2  11   7   1     1    e   0   14   5   2     1    0   0                                      15       0      89     814      0.105        0   0.0177
* 3   9   7   2     1    e   1   10   7   3     1    e   1   13   5   3     1    2   0          15       0     460     936      0.464        0   0.0151
* 3   5  10  14     1    e   1    8   8   2     1    e   1   13   8   1     1    2   0          15       0      21     995       0.02        0   0.0143
* 3   9   7   2     1    e   1   10   7   2     1    e   0   13   5   2     1    2   0          16       0     365    1085      0.318        0    0.014
* 3   5   7   2     1    e   1   14   5   2     1    0   0   14   7   0     1    0   0          17       0       6     577     0.0097        0   0.0275
* 1  15  10  10     0    0   0                                                                  17       0      22     668     0.0321        0   0.0248
* 1  14   6   3     1    0   0                                                                  19       0      62     632     0.0952        0   0.0292
* 3   5   7   2     1    e   1    5  10  14     1    e   1   15  10  10     0    0   0          19       0      27     786     0.0322        0   0.0227
* 2   5   7   2     1    e   1    9   8   2     1    e   1                                      19       0      14    1066     0.0126        0   0.0172
* 3   7   7   2     1    e   1   12   7   1     1    6   0   14   5   2     1    0   0          21       0     170     765      0.208        0   0.0256
* 2  14   6   2     1    0   0   15  10  10     0    0   0                                      23       0      58     829     0.0667        0   0.0265
* 3   5   7   2     1    e   1    8   8   2     1    e   1   13   5   2     1    2   0          23       0      14    1043     0.0126        0   0.0207
* 3  14   5   2     1    0   0   15   8  10     0    0   0   15  10  10     0    0   0          24       0      43     725     0.0551        0   0.0308
* 3   5   7   2     1    e   1    8   8   2     1    e   1   14   8   1     1    0   0          24       0      14     951     0.0138        0   0.0236
* 3   5   7   2     1    e   1   14   5   2     1    0   0   14   6   3     1    0   0          25       0      30     865     0.0324        0    0.027
* 3   5  10  14     1    e   1   10   7   3     1    e   1   14   8   1     1    0   0          27       0     275    1101      0.234        0    0.023
* 3   5   7   2     1    e   1    8   8   2     1    e   1   13   6   1     1    2   0          30       0       8     530     0.0137        0   0.0514
* 1  14   8   1     1    0   0                                                                  30       0     117     594      0.188        0   0.0481
* 3   7   7   2     1    e   1   12   7   1     1    6   0   14   6   2     1    0   0          33       0     134    1010      0.123        0   0.0304
* 3  10   7   3     1    e   1   10   8   3     1    e   1   13   5   2     1    2   0          46       0     141     890      0.145        0   0.0472
* 2  15   8  10     0    0   0   15  10  10     0    0   0                                      60       0      66    1198     0.0514        0   0.0467
* 2  14   5   2     1    0   0   14   6   3     1    0   0                                      68       0     108    1128     0.0885        0   0.0557
