
@49
* 1   9  20   4     0    2   0                                                                 109       0       0       0          0        0        1

@56
* 1   9  16   6     0    6   0                                                                  21       0       0       1          0        0    0.955
* 1  10  21   4     0    2   0                                                                1257       0       0      22          0        0    0.983

@57
* 1  10  11   6     0    6   0                                                                1546       0       0      17          0        0    0.989

@58
* 1  10  12   7     0    6   0                                                                  10       0       0       1          0        0    0.909
* 1  10  12   6     0    6   0                                                                1078       0       0      11          0        0     0.99

@59
# 3  12 24  13 15  13 16                                                                        10       0       0       2          0        0    0.767
* 1  10  13   9     0    6   0                                                                  16       0       0      12          0        0    0.571
* 1  10  14   6     0    6   0                                                                 712       0       0      28          0        0    0.962

@60
* 1   9  11   1     0    4   0                                                                   8       0       0      78          0        0    0.093
* 1  10  15   9     0    6   0                                                                  53       0       0     153          0        0    0.257
# 2  11 21  13 15                                                                               67       0       0      86          0        0    0.403
* 1  10  16   6     0    6   0                                                                 921       0       0     206          0        0    0.817

@61
* 1  11   6   0     1    2   0                                                                  18       0       0       0          0        0        1
* 1  10   6   0     1    2   0                                                                1336       0       0       0          0        0        1

@62
* 1  11  11   7     0    0   0                                                                   1       0       0       0          0        0        1
* 1  11  10   9     0    0   0                                                                  25       0       0       1          0        0    0.962
* 1  11  11   6     0    0   0                                                                6384       0       0      26          0        0    0.996

@63
* 1  11  12   9     0    0   0                                                                   5       0       0       8          0        0    0.385
* 1  11  12   8     0    0   0                                                                   5       0       0      13          0        0    0.278
* 1  10   7   8     0    0   0                                                                 287       0       0      18          0        0    0.941
* 1  12  17   0     0    0   0                                                                5322       0       0     305          0        0    0.946

@64
* 1  11  14   0     0    0   0                                                                   9       0       0      32          0        0     0.22
* 1  10   8  11     0    0   0                                                                 117       0       0      41          0        0    0.741
* 1  10   9   8     0    0   0                                                                3096       0       0     158          0        0    0.951

@65
* 2  10   8  13     0    e   0   10  11   2     0    e   0                                       0       0       0      54          0        0        0
* 2  10   8  13     0    e   0   10  11   3     0    e   0                                       1       0       0      51          0        0   0.0188
* 1  11  15   9     0    0   0                                                                   1       0       0      52          0        0   0.0189
* 2   8  10  10     0    e   1    9   5  13     0    e   1                                       1       0       0      53          0        0   0.0181
* 2  10   8  12     0    e   0   10  11   3     0    e   0                                       1       0       0      54          0        0   0.0178
* 1   8  10  10     0    e   1                                                                   1       0       0      55          0        0   0.0179
* 2  10   8  12     0    e   0   10  11   2     0    8   0                                       7       0       0      44          0        0    0.135
* 1  10  10  11     0    0   0                                                                  42       0       0      56          0        0    0.429

@67
* 1  12  12   6     0    0   0                                                                   0       0       0      49          0        0        0
* 1  11   6  11     0    0   0                                                                  38       0       0      49          0        0    0.437
* 1  11   7   8     0    0   0                                                                3422       0       0      87          0        0    0.975

@68
* 3   6   7   2     1    e   0   10   8  10     0    e   0   11   7  10     1    e   0           0       0       0       0          0        0        0
* 2  11   6   2     0    a   0   11   8   8     0    4   0                                       0       0       0       0          0        0        0
* 2   7   5   2    21    2   0    9   5   1    21    2   0                                       0       0       0       0          0        0        0
* 2   7   5   2    21    2   0   10   5  13     1    2   0                                       1       0       0       0          0        0     0.98
* 1  10   8  10     0    e   0                                                                   4       0       0      14          0        0    0.222
* 1   8   5   2    21    2   0                                                                   5       0       0       1          0        0    0.833
* 1   7   5   2    21    2   0                                                                   8       0       0       6          0        0    0.571
* 1  11   8  15     0    e   0                                                                 790       0       0      18          0        0    0.978
* 1  11   8   0     0    0   0                                                                5057       0       0     808          0        0    0.862

@69
* 2   8   5   2    21    2   0   10   5   0     1    2   0                                     212       0       0     697          0        0    0.229
* 1  10   5   0     1    2   0                                                                1609       0       0     909          0        0    0.639

@70
* 2  11   9   2     0    4   0   11  10   8     0    4   0                                       2       0       0     207          0        0  0.00938
* 1  12  14   0     0    4   0                                                                   3       0       0     209          0        0   0.0142
* 1  11   9   9     0    e   0                                                                  60       0       0     212          0        0    0.221
* 1  11   9   8     0    e   0                                                                4506       0       0     272          0        0    0.943

@71
* 1  12   6  11     0    6   0                                                                   0       0       0      10          0        0        0
* 1  12   7   8     0    6   0                                                                 100       0       0      10          0        0    0.909
* 1  13  11   9     0    2   0                                                                6024       0       0     110          0        0    0.982

@72
* 3  11  10   8     0    4   0   12   9  10     0    4   0   12  10   4     0    6   0           9       0       0    1609          0        0  0.00534
* 3  11  10   8     0    4   0   12   7  11     0    6   0   12  10   8     0    4   0          17       0       0    1618          0        0  0.00998
* 3  12   6  11     0    6   0   12   7  10     0    6   0   12   9  11     0    4   0          25       0       0    1584          0        0   0.0149
* 2  13  11  13     0    2   0   13  14   9     0    2   0                                     149       0       0    1635          0        0   0.0818
* 2  12   6  10     0    6   0   12  10   8     0    4   0                                     198       0       0    2346          0        0   0.0763
* 1  11   5  10     0    2   0                                                                 562       0       0    1784          0        0     0.24
* 1  12   9  11     0    6   0                                                                2581       0       0    2544          0        0    0.504

@73
* 2  13   6  10     0    2   0   14  11   0     0    0   0                                       0       0       0       0          0        0        0
* 1  13   7   9     0    2   0                                                                  13       0       0       0          0        0        1
* 1  13   6  11     0    2   0                                                                 234       0       0      13          0        0    0.947
* 1  13   7   8     0    2   0                                                               24502       0      20     247   0.000808        0     0.99

@74
* 3  11   7  11     0    8   0   13   8   8     0    0   0   14  13   9     0    0   0           0       0       0      12          0        0        0
* 3  12   6   7     0    6   0   13   8   8     0    0   0   13  11   5     0    2   0           0       0       0      12          0        0        0
* 3  12   6   7     0    6   0   13   6   5     0    2   0   13   8   9     0    0   0           0       0       0      12          0        0        0
* 3  13   7   6     0    2   0   13   8   9     0    0   0   14  13   1     0    0   0           0       0       0      12          0        0        0
* 2  13   6   5     0    2   0   14  13   8     0    0   0                                       0       0       0      12          0        0        0
* 3  12   6   6     0    6   0   12   7   7     0    6   0   13   7   7     0    0   0           0       0       0      13          0        0        0
* 2  13   6   4     0    2   0   13   8  12     0    2   0                                       0       0       0      18          0        0        0
* 2  12   7   6     0    6   0   13   8   9     0    0   0                                       0       0       0      23          0        0        0
* 2  13   7   6     0    0   0   13   8   8     0    0   0                                       1       0       0      12          0        0   0.0754
* 1  11   6  10     0    e   0                                                                   1       0       0      13          0        0   0.0714
* 2  12   7   7     0    6   0   13   8   9     0    0   0                                       1       0       0      23          0        0   0.0408
* 2  13   6   4     0    2   0   13   8  13     0    2   0                                       2       0       0      18          0        0    0.098
* 3  13   7   6     0    2   0   13   8   8     0    0   0   14  13   2     0    0   0           3       0       0      20          0        0    0.125
* 1  14  13   0     0    0   0                                                                   4       0       0      14          0        0    0.222
* 2  13   6   5     0    2   0   13   8   8     0    0   0                                      14       0       0      24          0        0    0.361
* 2  13   6   4     0    2   0   13   8   8     0    0   0                                      27       0       0      38          0        0    0.407
* 1  13   8   3     0    2   0                                                                1049       0       0      65          0        0    0.942
* 1  13   8   2     0    2   0                                                               17340       0       0    1114          0        0     0.94

@75
* 2  11   6  10     0    e   0   12   6  10     0    4   0                                       2       0       0     150          0        0   0.0129
* 3  12   7  12     0    6   0   13   6  12     0    2   0   13  11  13     0    0   0           4       0       0     157          0        0   0.0239
* 3  12   6  11     0    4   0   12   7  13     0    6   0   13   6  13     0    2   0           4       0       0     196          0        0   0.0192
* 3  13   8  13     0    2   0   13  10  12     0    2   0   14  13  12     0    0   0           5       0       0     152          0        0   0.0306
* 3  12   6  11     0    6   0   13  10  11     0    2   0   13  11   9     0    2   0           5       0       0     161          0        0   0.0289
* 3  12   6  11     0    4   0   12   7  12     0    6   0   13   6  13     0    2   0           6       0       0     182          0        0   0.0306
* 2  13   8  13     0    2   0   14  13  13     0    0   0                                       7       0       0     175          0        0   0.0377
* 3  12   7  12     0    6   0   13   6  13     0    2   0   13  11  12     0    0   0           8       0       0     188          0        0   0.0392
* 2  13   8  13     0    2   0   14  13  12     0    0   0                                       9       0       0     166          0        0   0.0504
* 1  14  16   6     0    0   0                                                                  11       0       0     200          0        0   0.0521
* 2  13   6  12     0    2   0   13  11  11     0    2   0                                      25       0       0     211          0        0    0.104
* 2  12   6  10     0    4   0   13   7  12     0    2   0                                      26       0       0     236          0        0   0.0973
* 3  12   6  11     0    0   0   12   7  13     0    6   0   13   6  12     0    2   0          29       0       0     262          0        0   0.0957
* 3  12   6  11     0    0   0   12   7  12     0    6   0   13   6  12     0    2   0          32       0       0     291          0        0   0.0951
* 3  12   6  10     0    0   0   13   6  13     0    2   0   13   7  12     0    2   0          83       0       0     323          0        0    0.196
* 2  12   6  10     0    0   0   13   7  13     0    2   0                                     146       0       0     406          0        0    0.259
* 1  13  10  11     0    2   0                                                                 621       0       0     552          0        0    0.529
* 1  12   6  10     0    6   0                                                                6762       0       0    1173          0        0    0.852

@76
* 2  14   6   1     0    0   0   15  11   8     0    0   0                                       0       0       0       1          0        0        0
* 2  15  11   8     0    0   0   15  12   0     0    0   0                                       0       0       0       1          0        0        0
* 2  13   6  10     0    2   0   15  11   9     0    0   0                                       0       0       0       1          0        0        0
* 3  13   6  10     0    2   0   14   6   1     0    0   0   14  11   0     0    0   0           0       0       0       1          0        0        0
* 3  13   6  11     0    2   0   14   6   1     0    0   0   14  11   0     0    0   0           0       0       0       1          0        0        0
* 3  13   6  11     0    2   0   14   7   3     0    0   0   14  11   0     0    0   0           0       0       0       2          0        0        0
* 3  13   6  10     0    2   0   14   7   2     0    0   0   14  11   1     0    0   0           0       0       0       2          0        0        0
* 3  13   6  10     0    2   0   14   7   2     0    0   0   14  11   2     0    0   0           0       0       0       2          0        0        0
* 2  13   6  10     0    2   0   14   6   2     0    0   0                                       0       0       0       3          0        0        0
* 1  15  12  14     0    0   0                                                                   0       0       0       3          0        0        0
* 3  13   6  10     0    2   0   14   7   3     0    0   0   14  11   0     0    0   0           1       0       0       1          0        0     0.48
* 3  13   6  10     0    2   0   14   6   2     0    0   0   15  12   7     0    0   0           1       0       0       2          0        0     0.32
* 2  13   6  10     0    2   0   15  12   7     0    0   0                                       3       0       0       8          0        0    0.267
* 2  14   6  10     0    0   0   14   7   0     0    0   0                                       5       0       0       3          0        0    0.613
* 3  13   6  10     0    2   0   15  11   8     0    0   0   15  12   7     0    0   0          12       0       0      11          0        0    0.501
* 1  14   7   2     0    0   0                                                                  14       0       2      23     0.0541        0    0.378
* 2  13   6  10     0    2   0   14   6   1     0    0   0                                      52       0       3      37      0.033        0    0.573
* 1  15  11   9     0    0   0                                                                 186       0       0      89          0        0    0.676
* 1  14   7   0     0    0   0                                                                 263       0      63     275      0.117        0    0.489
* 1  15  12   0     0    0   0                                                               11445       0     101     538    0.00843        0    0.955

@77
* 2  14   7   4     0    0   0   15  12   3     0    0   0                                       0       0       0       3          0        0        0
* 2  15  11  12     0    0   0   15  12   4     0    0   0                                       0       0       0       3          0        0        0
* 2  15  11  13     0    0   0   15  13  13     0    0   0                                       0       0       0       3          0        0        0
* 3  13   6  10     0    2   0   14   6  12     0    0   0   14   7   0     0    0   0           0       0       0       5          0        0        0
* 3  13   6  10     0    2   0   14   7   0     0    0   0   15  11  12     0    0   0           0       0       0       5          0        0        0
* 3  13   6  10     0    2   0   15  11  13     0    0   0   15  12   4     0    0   0           1       0       0       3          0        0     0.24
* 3  13   6  10     0    2   0   15  11  12     0    0   0   15  12   4     0    0   0           1       0       0       4          0        0    0.192
* 2  14   7   0     0    0   0   15  11  12     0    0   0                                       1       0       0       5          0        0    0.163
* 3  13   6  10     0    2   0   14   7   0     0    0   0   15  11  13     0    0   0           1       0       0       6          0        0    0.137
* 2  15  11  12     0    0   0   15  13  13     0    0   0                                       1       0       0      10          0        0   0.0891
* 2  15  11  12     0    0   0   15  13  12     0    0   0                                       3       0       0       7          0        0    0.294
* 1  14   8   1     0    0   0                                                                   8       0       0      11          0        0    0.421
* 3  13   6  10     0    2   0   14   6  13     0    0   0   14   8  12     0    0   0           9       0       1      43     0.0185        0    0.166
* 3  13   6  10     0    2   0   14   6  12     0    0   0   14   8  12     0    0   0          15       0       1      52     0.0143        0    0.215
* 3  14   7   5     0    0   0   14   8   1     0    0   0   15  12   3     0    0   0          24       0       0      19          0        0    0.536
* 3  13   6  10     0    2   0   14   6  13     0    0   0   14   8  13     0    0   0         195       0       1      67    0.00366        0    0.715
* 3  13   6  10     0    2   0   14   6  12     0    0   0   14   8  13     0    0   0         200       0       1     262    0.00208        0    0.416
* 1  14   8   0     0    0   0                                                                 375       0       0     462          0        0    0.448
* 1  15  13   0     0    0   0                                                                9773       0       0     837          0        0    0.921

@78
* 2  13   4  13     0    0   0   15  12  12     0    0   0                                       0       0       0      13          0        0        0
* 2  12   9  10     0    2   0   13   7  13     0    2   0                                       0       0       0      13          0        0        0
* 3  12   8  10     0    6   0   14   8  12     0    0   0   14   9   2     0    0   0           0       0       0      13          0        0        0
* 3  12   8  10     0    4   0   13   4  12     0    0   0   15  12  12     0    0   0           0       0       0      13          0        0        0
* 2  14   9   3     0    0   0   15  11  13     0    0   0                                       0       0       0      14          0        0        0
* 3  13   4  12     0    0   0   14   7  12     0    0   0   15  11  12     0    0   0           0       0       0      14          0        0        0
* 1  14   9   2     0    0   0                                                                   0       0       0      14          0        0        0
* 3  13   4  12     0    0   0   15  11  13     0    0   0   15  12  12     0    0   0           0       0       0      15          0        0        0
* 2  12   8  10     0    6   0   13   4  11     0    0   0                                       0       0       0      15          0        0        0
* 3  13   4  13     0    0   0   14   7  13     0    0   0   15  11  13     0    0   0           0       0       0      15          0        0        0
* 1  12   8  10     0    4   0                                                                   0       0       0      16          0        0        0
* 3  13   4  12     0    0   0   15  11  13     0    0   0   15  12  13     0    0   0           0       0       0      17          0        0        0
* 2  13   4  12     0    0   0   15  11  13     0    0   0                                       0       0       0      17          0        0        0
* 2  12   9  10     0    0   0   13   6  13     0    2   0                                       0       0       0      22          0        0        0
* 2  14   7  12     0    0   0   14   9   3     0    0   0                                       0       0       0      27          0        0        0
* 1  12   8  10     0    6   0                                                                   0       0       0      27          0        0        0
* 3  12   8  10     0    6   0   12   9  10     0    2   0   14   9   3     0    0   0           1       0       0      12          0        0   0.0738
* 3  12   8  10     0    4   0   13   4  10     0    0   0   14   8  13     0    0   0           1       0       0      13          0        0   0.0686
* 2  12   8  10     0    6   0   13   6  13     0    2   0                                       1       0       0      14          0        0   0.0653
* 2  12   9  10     0    2   0   13   6  12     0    2   0                                       1       0       0      15          0        0   0.0612
* 3  12   8  10     0    0   0   13   4  12     0    0   0   14   8  12     0    0   0           1       0       0      16          0        0   0.0565
* 3  13   4  12     0    0   0   14   7  13     0    0   0   15  11  12     0    0   0           1       0       0      21          0        0   0.0436
* 2  12   8  10     0    0   0   12   9  10     0    4   0                                       1       0       0      26          0        0   0.0363
* 2  13   4  13     0    0   0   15  11  13     0    0   0                                       1       0       0      27          0        0    0.035
* 2  13   6  13     0    2   0   14   9   2     0    0   0                                       2       0       0      47          0        0     0.04
* 1  12   9  10     0    6   0                                                                   3       0       0      41          0        0   0.0682
* 3  13   6  13     0    2   0   14   7  12     0    0   0   14   9   2     0    0   0           3       0       0      44          0        0   0.0613
* 2  13   6  13     0    2   0   14   9   3     0    0   0                                       3       0       0      57          0        0    0.049
* 3  12   8  10     0    0   0   13   4  13     0    0   0   14   9   3     0    0   0           4       0       0      17          0        0    0.183
* 2  12   8  10     0    0   0   14   9   0     0    0   0                                       4       0       0      22          0        0    0.151
* 2  13   6  12     0    2   0   14   9   3     0    0   0                                       4       0       0      69          0        0   0.0537
* 2  13   4  13     0    0   0   15  11  12     0    0   0                                       6       0       0      28          0        0    0.173
* 2  14   9   3     0    0   0   15  11  12     0    0   0                                       7       0       0      34          0        0    0.167
* 3  13   6  12     0    2   0   14   7  13     0    0   0   14   9   2     0    0   0           8       0       0      49          0        0    0.135
* 3  13   6  12     0    2   0   14   7  12     0    0   0   14   9   2     0    0   0           9       0       0      60          0        0    0.125
* 2  13   6  12     0    2   0   14   9   2     0    0   0                                      10       0       0      73          0        0    0.118
* 2  13   4  12     0    0   0   14   7  12     0    0   0                                      56       0       0     203          0        0    0.212
* 2  13   4  12     0    0   0   14   7  13     0    0   0                                      69       0       0     259          0        0    0.206
* 2  13   4  13     0    0   0   14   7  13     0    0   0                                     116       0       0     468          0        0    0.195
* 1  13   4  11     0    0   0                                                                 120       0       0      83          0        0    0.591
* 2  13   4  13     0    0   0   14   7  12     0    0   0                                     140       0       0     328          0        0    0.293
* 1  13   4  10     0    0   0                                                                3419       0       0     584          0        0    0.854
* 1  14   9   0     0    0   0                                                               21204       0       0    4003          0        0    0.841

@79
* 3  12   8  13     1    2   0   12   9   2     1    2   0   14   8  13     0    0   0           0       0       0       1          0        0        0
* 3  12   8  13     1    2   0   12   9   2     1    2   0   13   4  12     0    0   0           0       0       0       1          0        0        0
* 2  10   9  10     1    e   0   15   6  10     0    0   0                                       0       0       1       1       0.98        0        0
* 2  11   9   2     1    6   0   14   6  10     0    0   0                                       0       0       1       1       0.98        0        0
* 3  14   8  13     0    0   0   14   9  12     0    0   0   15  13  12     0    0   0           0       0       0       1          0        0        0
* 2  10   9  11     1    e   0   11   9   1     1    6   0                                       0       0       0       1          0        0        0
* 3  12   8  13     1    2   0   13   4  13     0    0   0   15  13  12     0    0   0           0       0       0       1          0        0        0
* 2  10   9  11     1    e   0   12   8  13     1    2   0                                       0       0       1       1       0.98        0        0
* 2  11   9   1     1    6   0   15   6  10     0    0   0                                       0       0       0       1          0        0        0
* 3  14   6  10     0    0   0   15   6  11     0    0   0   15  11   9     0    0   0           0       0       0       1          0        0        0
* 3  10   9  11     1    e   0   11   9   1     1    6   0   12   8  12     1    2   0           0       0       1       1       0.96        0        0
* 1  12   9   1     1    2   0                                                                   0       0       0       1          0        0        0
* 3  11   9   2     1    6   0   12   9   1     1    2   0   14   6  10     0    0   0           0       0       1       1       0.96        0        0
* 3  10   9  11     1    e   0   13   4  13     0    0   0   14   9  13     0    0   0           0       0       1       1       0.96        0        0
* 1  10   9  11     1    e   0                                                                   0       0       0       1          0        0        0
* 3  10   9  11     1    e   0   13   4  13     0    0   0   14   9  12     0    0   0           0       0       1       1       0.96        0        0
* 2  10   9  11     1    e   0   14   6  10     0    0   0                                       0       0       1       1       0.98        0        0
* 2  11   9   1     1    6   0   12   8  13     1    2   0                                       0       0       0       1          0        0        0
* 3  10   8  10     1    e   0   13   4  13     0    0   0   14   9  13     0    0   0           0       0       0       1          0        0        0
* 1  10   8  10     1    e   0                                                                   0       0       0       1          0        0        0
* 3  11   9   1     1    6   0   13   4  13     0    0   0   14   9  13     0    0   0           0       0       0       1          0        0        0
* 3  13   4  13     0    0   0   14   7   1     0    0   0   14   9  13     0    0   0           0       0       0       1          0        0        0
* 1  10   8  11     1    e   0                                                                   0       0       0       1          0        0        0
* 3  10   9  10     1    e   0   13   4  13     0    0   0   14   9  13     0    0   0           0       0       1       1       0.96        0        0
* 3  10   9  10     1    e   0   13   4  13     0    0   0   14   9  12     0    0   0           0       0       1       1       0.96        0        0
* 2  10   8  10     1    e   0   14   6   2     0    0   0                                       0       0       0       1          0        0        0
* 3  14   7   1     0    0   0   15   6  11     0    0   0   15  11   9     0    0   0           0       0       0       2          0        0        0
* 3  10   8  11     1    e   0   11   9   1     1    6   0   12   9   1     1    2   0           0       0       1       2       0.48        0        0
* 3  11   9   1     1    6   0   13   4  13     0    0   0   14   9  12     0    0   0           0       0       0       3          0        0        0
* 2  12   9   1     1    2   0   14   6  10     0    0   0                                       0       0       0       3          0        0        0
* 3  11   9   1     1    6   0   14   6  10     0    0   0   15   6  10     0    0   0           0       0       1       3       0.32        0        0
* 3  13   4  12     0    0   0   14   7   1     0    0   0   14   9  13     0    0   0           0       0       0       3          0        0        0
* 3  13   4  12     0    0   0   14   6  10     0    0   0   14   9  12     0    0   0           0       0       1       3       0.32        0        0
* 3  14   7   1     0    0   0   15   7  12     0    0   0   15  11   9     0    0   0           0       0       0       3          0        0        0
* 3  11   9   1     1    6   0   12   8  13     1    2   0   15   6  10     0    0   0           0       0       2       4       0.48        0        0
* 1  14  10   0     0    0   0                                                                   0       0       0       5          0        0        0
* 3  13   4  12     0    0   0   14   6  10     0    0   0   14   9  13     0    0   0           1       0       0       1          0        0     0.48
* 2  11   9   1     1    6   0   12   8  12     1    2   0                                       1       0       0       2          0        0    0.327
* 1  10   9   2     1    e   0                                                                   1       0       0       3          0        0     0.25
* 3  13   4  13     0    0   0   14   6  10     0    0   0   14   9  12     0    0   0           1       0       0       4          0        0    0.192
* 1  15  11   8     0    0   0                                                                   2       0       1       5      0.143        0    0.286
* 1  11   9   1     1    6   0                                                                   3       0       3       7        0.3        0      0.3
* 1  15   7   9     0    0   0                                                                  39       0       0      10          0        0    0.796
* 1  15   7   8     0    0   0                                                                 996       0      13      49     0.0124        0    0.953
* 1  15   6  11     0    0   0                                                               52821       0     255    1045    0.00473        0    0.981

@80
* 3  11   5   2     1    2   0   12   6  12     1    2   0   13   9  10     0    2   0           0       0       0       0          0        0        0
* 3  13   5  12     0    2   0   14  11   0     0    0   0   15   7   0     0    0   0           0       0       0       0          0        0        0
* 1  12   6   2     1    2   0                                                                   0       0       0       0          0        0        0
* 2  13   6  13     0    2   0   15   7   2     0    0   0                                       0       0       0       0          0        0        0
* 3  13   5  13     0    2   0   15   6  13     0    0   0   15   7   0     0    0   0           0       0       0       0          0        0        0
* 3  10   6  12     1    6   0   12   6  12     1    2   0   14   6  10     0    0   0           0       0       0       0          0        0        0
* 1  11  12   1     1    e   0                                                                   0       0       0       0          0        0        0
* 2  14  11   0     0    0   0   15   7   0     0    0   0                                       0       0       0       0          0        0        0
* 2  13   5  13     0    2   0   15   6  13     0    0   0                                       0       0       0       0          0        0        0
* 3  14  11   0     0    0   0   15   6  13     0    0   0   15   7   1     0    0   0           0       0       0       0          0        0        0
* 3  13   5  12     0    2   0   15   7   1     0    0   0   15   9   8     0    0   0           0       0       0       0          0        0        0
* 2  13   6  13     0    2   0   15   7   0     0    0   0                                       0       0       0       0          0        0        0
* 3  13   5  13     0    2   0   14   6  10     0    0   0   15   6  12     0    0   0           0       0       0       0          0        0        0
* 2  13   9  10     0    2   0   15   7   0     0    0   0                                       0       0       0       0          0        0        0
* 3  13   9  11     0    2   0   14   7   6     0    0   0   15   7   0     0    0   0           0       0       0       0          0        0        0
* 3  14   6  10     0    0   0   15   8  12     0    0   0   15   9   9     0    0   0           0       0       0       3          0        0        0
* 2  15   6  12     0    0   0   15   8  13     0    0   0                                       0       0       0       3          0        0        0
* 3  12   6  12     1    2   0   13   6  12     0    2   0   15   8  13     0    0   0           0       0       0       3          0        0        0
* 3  13   5  12     0    2   0   13   6  12     0    2   0   15   7   0     0    0   0           0       0       2       3       0.64        0        0
* 3  12   6  13     1    2   0   14   6  10     0    0   0   15   7   0     0    0   0           0       0       3       3       0.96        0        0
* 3  13   5  12     0    2   0   14   6  10     0    0   0   15   8  13     0    0   0           0       0       0       3          0        0        0
* 2  12   6  13     1    2   0   13   5  13     0    2   0                                       0       0       0       3          0        0        0
* 3  12   6  12     1    2   0   13   5  13     0    2   0   14   6  10     0    0   0           0       0       0       3          0        0        0
* 3   7   7   2     1    e   1   13   6  12     0    2   0   15   7   1     0    0   0           0       0       3       3       0.96        0        0
* 3  14   6  10     0    0   0   15   6  12     0    0   0   15   8  12     0    0   0           0       0       0       3          0        0        0
* 2  15   8  10     0    0   0   15   9   9     0    0   0                                       0       0       0       3          0        0        0
* 3  11   5   2     1    2   0   11   5   2     1    2   0   13   5  12     0    2   0           0       0       0       3          0        0        0
* 3  13   5  13     0    2   0   15   7   0     0    0   0   15   8  12     0    0   0           0       0       0       3          0        0        0
* 3  13   5  13     0    2   0   15   6  13     0    0   0   15   9   8     0    0   0           0       0       0      11          0        0        0
* 2  13   6  12     0    2   0   15   7   0     0    0   0                                       1       0       2       6       0.28        0     0.14
* 3  14   6  10     0    0   0   15   6  13     0    0   0   15   9   9     0    0   0           1       0       1      16     0.0565        0   0.0565
* 3  13   5  12     0    2   0   15   6  13     0    0   0   15   9   8     0    0   0           2       0       0       7          0        0    0.213
* 3  13   5  12     0    2   0   14   6  10     0    0   0   15   8  12     0    0   0           2       0       1       9     0.0873        0    0.175
* 2  13   5  13     0    2   0   15   7   0     0    0   0                                       2       0       0      14          0        0    0.122
* 3  12   6  13     1    2   0   13   5  12     0    2   0   14   6  10     0    0   0           3       0       0       0          0        0     0.96
* 1   7   7   2     1    e   1                                                                   3       0       1       3      0.167        0      0.5
* 3  14   6  10     0    0   0   15   6  12     0    0   0   15   9   9     0    0   0           3       0       1      11     0.0686        0    0.206
* 3  13   5  12     0    2   0   15   6  12     0    0   0   15   9   8     0    0   0           4       0       2      17     0.0914        0    0.183
* 1  13   6  10     0    2   0                                                                   6       0       3      33     0.0769        0    0.154
* 1  13   5  13     0    2   0                                                                  12       0       0      21          0        0    0.364
* 2  15   6  12     0    0   0   15   9   8     0    0   0                                      34       0       2      39     0.0268        0    0.456
* 2  15   6  13     0    0   0   15   9   8     0    0   0                                      37       0       1      73    0.00891        0     0.33
* 2  14   6  10     0    0   0   15   9   9     0    0   0                                     104       0       2     110    0.00916        0    0.476
* 2  15   7   2     0    0   0   15   9   8     0    0   0                                     157       0      53     214       0.14        0    0.415
* 1   7   8   2     1    e   1                                                                 515       0       4     371    0.00451        0    0.581
* 1  15   8  11     0    0   0                                                                2319       0       2     886   0.000624        0    0.724
* 1  15   9   8     0    0   0                                                               50239       0      31    3205    0.00058        0     0.94

@81
* 3   7   8   2     1    e   1   10   6   3     1    6   0   14   7   3     1    0   0           0       0       1      70     0.0137        0        0
* 3   7   8   2     1    e   1   10   6   3     1    6   0   14   5  13     0    0   0           0       0       1      72     0.0133        0        0
* 4  10   6   3     1    6   0   13   5  13     0    2   0   13   6  10     0    2   0   15   7   0     0    0   0           0       0      66      72      0.862        0        0
* 1   8   5   2    21    2   0                                                                   0       0       1      72     0.0139        0        0
* 3   9   8   1     1    e   0   14   5  13     1    0   0   14   6  10     0    0   0           0       0      14      73      0.184        0        0
* 3  11   5   2     1    2   0   13   6  10     0    2   0   14   5  13     0    0   0           0       0      14      73      0.184        0        0
* 4  15   6  11     0    0   0   15   7   2     0    0   0   15   8  11     0    0   0   15   9   8     0    0   0           0       0      30      76      0.371        0        0
* 2  13   6  10     0    2   0   15   7   8     0    0   0                                       0       0       5      76     0.0645        0        0
* 4  13   5  13     0    2   0   13   6  10     0    2   0   14   5  13     0    0   0   15   7   0     0    0   0           0       0       0      80          0        0        0
* 3   9   7   2     1    e   0   15   8  11     0    0   0   15   9   8     0    0   0           0       0      29      80      0.348        0        0
* 2  15   6  11     0    0   0   15  11   8     0    0   0                                       1       0       0      72          0        0   0.0134
* 2  12   9   1     1    6   0   14   5  13     0    0   0                                       1       0      37      73       0.49        0   0.0132
* 3  13   6  10     0    2   0   14   5  12     1    0   0   15   7   9     0    0   0           1       0       1      76     0.0125        0   0.0125
* 3   7   8   2     1    e   1    9   8   1     1    e   0   13   6  10     0    2   0           1       0       1      77     0.0123        0   0.0123
* 3  13   6  11     0    2   0   15   7   8     0    0   0   15  11   8     0    0   0           2       0       0      70          0        0   0.0267
* 3   7   8   2     1    e   1   13   9  10     0    2   0   15   6  11     0    0   0           2       0       3      74     0.0379        0   0.0253
* 3  12   9   1     1    6   0   13   4   5     1    0   0   14   5  12     1    0   0           2       0      21      78      0.252        0    0.024
* 2  12   8   3     1    6   0   15   8  11     0    0   0                                       4       0      35      80      0.408        0   0.0467
* 4  13   6  10     0    2   0   15   7   2     0    0   0   15   8  11     0    0   0   15   9   8     0    0   0           4       0      12      84      0.128        0   0.0427
* 3   7   8   2     1    e   1    9   7   2     1    e   0   13   5  13     0    2   0           4       0      18      88      0.188        0   0.0417
* 2  15   8  11     0    0   0   15   9   8     0    0   0                                      12       0      49      92      0.462        0    0.113
* 1  13   6  10     0    2   0                                                                  12       0       1     138    0.00667        0     0.08
* 3  13   6  10     0    2   0   15   7   2     0    0   0   15   9   8     0    0   0          15       0       2     104     0.0161        0    0.121
* 4  13   5  13     0    2   0   14   6  10     0    0   0   15   7   0     0    0   0   15   8  11     0    0   0          19       0       8     119     0.0545        0    0.129
* 3   7   8   2     1    e   1   14   6  10     0    0   0   14  10  11     0    0   0          22       0       7     178     0.0336        0    0.106
* 3  10   8   0     1    e   1   14   6  10     0    0   0   15   8  11     0    0   0          23       0      71     200      0.306        0    0.099
* 2  13   6  10     0    2   0   15   9   8     0    0   0                                      28       0      15     150     0.0826        0    0.154
* 2  13   6  10     0    2   0   14   6  10     0    0   0                                      30       0      13     254     0.0449        0    0.104
* 3  13   6  10     0    2   0   14   6  10     0    0   0   15   7   9     0    0   0          31       0      20     223     0.0756        0    0.117
* 2  13   5  12     1    2   0   14   6  10     0    0   0                                      41       0       2     326    0.00534        0    0.109
* 2  14   5  13     0    0   0   15   6  11     0    0   0                                      42       0       4     284      0.012        0    0.126
* 3  13   6  10     0    2   0   15   9   8     0    0   0   15  11   8     0    0   0          66       0      44     367     0.0976        0    0.146
* 4  13   6  10     0    2   0   15   7   2     0    0   0   15   9   8     0    0   0   15  11   8     0    0   0          79       0      28     433     0.0514        0    0.145
* 3  13   5  13     1    2   0   14   5  12     1    0   0   14   6  10     0    0   0          80       0       2     512    0.00324        0     0.13
* 3  14   6  10     0    0   0   15   6  11     0    0   0   15   8  11     0    0   0         112       0      54     592     0.0736        0    0.153
* 3  10   8   0     1    e   1   13   5  12     0    2   0   14   6  10     0    0   0         127       0     169     704      0.195        0    0.147
* 3  13   5  12     1    2   0   14   6  10     0    0   0   15   6  11     0    0   0         426       0     162     831      0.124        0    0.325
* 1  14   5  13     0    0   0                                                                1235       0       3    1257     0.0012        0    0.496
* 3  13   5  13     1    2   0   14   6  10     0    0   0   15   6  11     0    0   0        2697       0     876    2492      0.162        0    0.499
* 1  14   6  10     0    0   0                                                                6053       0      10    5189    0.00089        0    0.538
* 1  15  11   8     0    0   0                                                               42220       0       7   11242   0.000131        0     0.79

@82
* 1  11   5   2     1    2   0                                                                   0       0       2      10        0.2        0        0
* 1  10  10   1     1    e   0                                                                   0       0       2      11      0.182        0        0
* 1  14   7   0     1    0   0                                                                   0       0       4      11      0.364        0        0
* 1  12   8  10     0    6   0                                                                   0       0       0      11          0        0        0
* 1   9   7   2     1    e   0                                                                   0       0       2      14      0.143        0        0
* 1  12   7   1     1    6   0                                                                   0       0       4      15      0.267        0        0
* 1  10  10   1     1    e   1                                                                   0       0       4      19      0.211        0        0
* 1   9  11   1     1    e   1                                                                   0       0       7      26      0.269        0        0
* 1  13   9  10     0    2   0                                                                   1       0       0      10          0        0   0.0909
* 2   5   7   2     1    e   1   14   7   1     1    0   0                                       1       0       4      13       0.28        0     0.07
* 1  14   8   1     1    0   0                                                                   1       0      10      14      0.667        0   0.0667
* 1  13   6  10     0    2   0                                                                   1       0       0      15          0        0   0.0625
* 1  11   6   2     1    2   0                                                                   1       0      13      18      0.684        0   0.0526
* 1  10   8   3     1    e   1                                                                   2       0       0      11          0        0    0.154
* 1  11  12   1     1    e   0                                                                   2       0       2      16      0.111        0    0.111
* 1  14   5  12     0    0   0                                                                   2       0       4      19       0.19        0   0.0952
* 1  15   6  10     0    0   0                                                                   2       0      24      26      0.857        0   0.0714
* 1  12   6   3     1    2   0                                                                   2       0       3      49     0.0588        0   0.0392
* 1  13   8   0     1    2   0                                                                   3       0       4      61     0.0625        0   0.0469
* 1  13   5  12     0    2   0                                                                   4       0       2      51     0.0364        0   0.0727
* 1  14  10   0     0    0   0                                                                   4       0       7      74     0.0897        0   0.0513
* 2   5   7   2     1    e   1   14   6   2     1    0   0                                       5       0      10      21      0.377        0    0.188
* 1  13   5   3     1    2   0                                                                   5       0      14      44      0.286        0    0.102
* 1   9   8   2     1    e   1                                                                   5       0      23      64      0.333        0   0.0725
* 1  12   9   1     1    6   0                                                                   5       0       4      69     0.0541        0   0.0676
* 1  14   6   3     1    0   0                                                                   5       0      44     101      0.415        0   0.0472
* 2   8   8   1     1    e   1   13   8   0     1    2   0                                       6       0       2      55     0.0321        0   0.0964
* 2   9   7   2     1    e   1   10   8   2     1    e   1                                       9       0       4      78     0.0451        0    0.101
* 1  11   7   1     1    e   0                                                                   9       0      46     106        0.4        0   0.0783
* 1  13   9   1     1    2   0                                                                  14       0      17      87      0.168        0    0.139
* 2   5   7   2     1    e   1   13   8   0     1    2   0                                      14       0      19     115      0.144        0    0.106
* 1  14   5   0     1    0   0                                                                  15       0     139     151      0.837        0   0.0904
* 1  10   8   1     1    e   0                                                                  16       0       1      28     0.0227        0    0.364
* 1   9   7   2     1    e   1                                                                  22       0      54     129      0.358        0    0.146
* 1  13   5   2     1    2   0                                                                  39       0     147     251      0.507        0    0.134
* 1   9   8   3     1    e   1                                                                  81       0     225     476      0.404        0    0.145
* 1  13   4   1     1    0   0                                                                  85       0      74     166      0.295        0    0.339
* 2   5   7   2     1    e   1   14   6   3     1    0   0                                      91       0     143     290      0.368        0    0.234
* 1  14   6   2     1    0   0                                                                  95       0     255     381      0.536        0      0.2
* 1  15   8  10     0    0   0                                                                 167       0     450     557      0.622        0    0.231
* 2   5   7   2     1    e   1    9   8   2     1    e   1                                     204       0     687    1553      0.383        0    0.114
* 1   9   9   1     1    e   1                                                                 357       0     369     724      0.341        0     0.33
* 1  10   7  12     1    e   0                                                                 435       0     709    1757      0.323        0    0.198
* 2   8   8   1     1    e   1   13   8   2     1    2   0                                     472       0     101    1081     0.0637        0    0.298
* 1  11   9   1     1    e   0                                                                1748       0     277    2192     0.0703        0    0.444
* 2   9   8   2     1    e   1   10   8   2     1    e   1                                    2882       0    1236    3940      0.178        0    0.414
* 1  13   5   1     1    0   0                                                                3988       0    4125    6822      0.382        0    0.369
* 1  14   7   1     1    0   0                                                                8126       0    8960   10810      0.473        0    0.429
* 1  15  10  10     0    0   0                                                                8715       0   10175   18936      0.368        0    0.315
* 1   5   7   2     1    e   1                                                               26187       0   26923   27651        0.5        0    0.486

@83
* 2  11   6   1     1    6   0   11   7   1     1    e   0                                       0       0      12     116      0.101        0        0
* 3   9   7   1     1    e   1    9   8   1     1    e   1    9   9   1     1    e   1           0       0      49     130      0.362        0        0
* 2   9   7   1     1    e   1   11   5   2     1    2   0                                       0       0      11     134     0.0804        0        0
* 1  11   6   1     1    6   0                                                                   1       0      32     114      0.278        0   0.0087
* 1   9   7   1     1    e   1                                                                   1       0      79     115      0.681        0  0.00862
* 2  10   9   2     1    e   0   14   8   1     1    0   0                                       1       0      55     132      0.405        0  0.00737
* 2   9   8   1     1    e   1   10   6   2     1    6   0                                       1       0       1     133    0.00731        0  0.00731
* 3   9   7   1     1    e   1   10  10   1     1    e   0   11   7   1     1    e   0           2       0       5     130     0.0364        0   0.0145
* 2  11   5   2     1    2   0   11   6   1     1    6   0                                       2       0      18     167      0.104        0   0.0116
* 3   9   8   1     1    e   1    9   9   1     1    e   1   13   5   0     1    2   0           3       0      38     134      0.266        0    0.021
* 2  13   5   0     1    2   0   14   8   1     1    0   0                                       5       0      43     146      0.279        0   0.0325
* 3  11   7   1     1    e   0   11   9   1     1    e   0   14   8   1     1    0   0           6       0      16     151     0.0978        0   0.0367
* 3   9   9   1     1    e   1   11   7   1     1    e   0   14   8   1     1    0   0           7       0      22     116      0.172        0   0.0546
* 3   9   8   1     1    e   1    9   9   1     1    e   1   11   9   1     1    e   0           7       0      12     123     0.0886        0   0.0517
* 2   9   9   1     1    e   1   14   8   1     1    0   0                                       9       0      31     137      0.208        0   0.0604
* 2  11   7   1     1    e   0   14   8   1     1    0   0                                      10       0      28     157      0.164        0   0.0587
* 2   9   8   1     1    e   1   13   4   1     1    0   0                                      12       0      30     169      0.162        0    0.065
* 1   9   9   1     1    e   1                                                                  21       0      48     181      0.238        0    0.104
* 2  11   6   1     1    6   0   13   4   1     1    0   0                                      21       0      21     202     0.0923        0   0.0923
* 2   9   8   1     1    e   1   11   6   1     1    6   0                                      26       0      33     223       0.13        0    0.102

@84
* 2   5   7   2     1    e   1   13   5   0     1    2   0                                       0       0      65     321      0.198        0        0
* 1  10   8   1     1    e   1                                                                   3       0      38     367      0.103        0  0.00811
* 2  13   6   1     1    2   0   15   6  10     0    0   0                                       4       0      33     343     0.0932        0   0.0113
* 3   5   7   2     1    e   1   10   7   2     1    e   1   14   5   2     1    0   0           5       0      97     347      0.265        0   0.0136
* 3   5   7   2     1    e   1   15   5  10     0    0   0   15   6  10     0    0   0           6       0      36     337      0.101        0   0.0168
* 3  13   6   1     1    2   0   13   8   1     1    2   0   13   9   1     1    2   0           6       0      22     370     0.0562        0   0.0153
* 3   5   7   2     1    e   1    9   8   2     1    e   1   10   7   2     1    e   0           6       0      45     433     0.0984        0   0.0131
* 2   9   9   1     1    e   1   15   5  10     0    0   0                                       7       0      66     330      0.192        0   0.0204
* 3   5   7   2     1    e   1   13   5   0     1    2   0   14   6   2     1    0   0           7       0      67     352      0.179        0   0.0187
* 3   5   9   2     1    e   1   14   5   2     0    0   0   15   5  10     0    0   0           7       0      35     417     0.0792        0   0.0158
* 3   5  10   2     1    e   1   14   6   2     1    0   0   15   5  10     0    0   0           8       0     105     359      0.275        0   0.0209
* 2  13   5   0     1    2   0   14   7   1     1    0   0                                       9       0      66     321      0.196        0   0.0267
* 3   5   7   2     1    e   1   14   5   2     1    0   0   14   7   1     1    0   0           9       0     102     424      0.226        0     0.02
* 3   5   7   2     1    e   1    9   7   1     1    e   1   14   5   2     1    0   0           9       0      89     454      0.185        0   0.0187
* 3   9   7   1     1    e   1   13   5   0     1    2   0   15   5  10     0    0   0          10       0     155     463      0.315        0   0.0203
* 3   5  10   2     1    e   1   13   8   1     1    2   0   15   5  10     0    0   0          10       0     170     737      0.218        0   0.0129
* 3   5   7   2     1    e   1    9   7   1     1    e   1    9   8   2     1    e   1          11       0      90     511      0.166        0   0.0202
* 2  13   8   1     1    2   0   14   6   2     1    0   0                                      15       0      61     439      0.132        0   0.0324
* 3   5  10   2     1    e   1   11   7   1     1    e   0   15   5  10     0    0   0          15       0     112     496       0.21        0   0.0282
* 3   5   7   2     1    e   1   13   5   0     1    2   0   15   6  10     0    0   0          16       0     143     522      0.255        0   0.0286
* 3   7   7   1     1    e   1   12   7   1     1    6   0   15   6  10     0    0   0          16       0     153     573      0.249        0   0.0261
* 3   9   8   2     1    e   1   15   5  10     0    0   0   15   6  10     0    0   0          16       0     274     674      0.381        0   0.0223
* 3  10   8   1     1    e   1   14   7   1     1    0   0   15   5  10     0    0   0          17       0     112     400      0.258        0   0.0391
* 3   5  10   2     1    e   1   10   9   1     1    e   1   15   6  10     0    0   0          17       0     151     538      0.261        0   0.0294
* 3   5   7   2     1    e   1    9   7   1     1    e   1   15   5  10     0    0   0          18       0      93     555      0.156        0   0.0302
* 2   5   7   2     1    e   1   15   6  10     0    0   0                                      23       0      63     473      0.124        0   0.0454
* 3   5   7   2     1    e   1   14   7   1     1    0   0   15   5  10     0    0   0          24       0      87     376      0.209        0   0.0576
* 3   5   9   2     1    e   1    7   7   1     1    e   1   15   8  10     0    0   0          32       0     173     589      0.267        0   0.0495
* 1  11   5   2     1    2   0                                                                  33       0     182     925       0.19        0   0.0344
* 3   5  10   2     1    e   1    9   7   1     1    e   1   15   5  10     0    0   0          40       0     233     789       0.27        0   0.0463
* 3   5   7   2     1    e   1   10   7   2     1    e   1   15   5  10     0    0   0          42       0     194     747      0.236        0   0.0511
* 3   9   7   1     1    e   1    9   8   2     1    e   1   15   5  10     0    0   0          45       0     275     829      0.302        0   0.0494
* 3   5  10   2     1    e   1   14   7   1     1    0   0   15   6  10     0    0   0          47       0     144     690      0.188        0   0.0612
* 3  10   7   2     1    e   1   15   5  10     0    0   0   15   6  10     0    0   0          51       0     202     874       0.21        0   0.0529
* 3   5  10   2     1    e   1   14   5   2     1    0   0   15   6  10     0    0   0          53       0     120     621      0.171        0   0.0755
* 3   5   7   2     1    e   1   15   6  10     0    0   0   15   8  10     0    0   0          73       0     149    1033      0.129        0   0.0634
* 2  10   8   1     1    e   1   15   6  10     0    0   0                                      75       0     276     958      0.262        0   0.0712
* 3  15   6  10     0    0   0   15   8  10     0    0   0   15  10  10     0    0   0         107       0     175    1106      0.138        0   0.0847

@85
* 3   5   7   2     1    e   1    8   8   2     1    e   1   10   6   2     1    6   0           1       0       0    1043          0        0  0.00092
* 3   5   7   2     1    e   1   10   7   3     1    e   1   13   6   1     1    2   0           2       0     150     616      0.233        0  0.00311
* 2  10   7   3     1    e   1   10   8   3     1    e   1                                       2       0     120    1226     0.0958        0   0.0016
* 3   9   9   2     1    e   1   15   5   4     0    0   0   15   6  10     0    0   0           3       0     271     553      0.468        0  0.00518
* 3   5   7   2     1    e   1    5  10  14     1    e   1   15   5   4     0    0   0           3       0      15     704     0.0204        0  0.00407
* 3   5   7   2     1    e   1    9   8   2     1    e   1   10   7   3     1    e   1           3       0      16     714     0.0214        0  0.00402
* 3   8   8   2     1    e   1    9   7   2     1    e   1   10   7   2     1    e   0           3       0       4     783    0.00489        0  0.00366
* 3   5   7   2     1    e   1    8   8   2     1    e   1   15   5   4     0    0   0           3       0      16     796     0.0192        0   0.0036
* 2  13   8   1     1    2   0   13   9   1     1    2   0                                       4       0      36     527     0.0664        0  0.00738
* 3   9   7   2     1    e   1    9   8   2     1    e   1   14   6   2     1    0   0           4       0     272     584      0.444        0  0.00653
* 3   5  10  14     1    e   1    9   7   2     1    e   1   10  10   1     1    e   1           5       0      15     556     0.0257        0  0.00856
* 3   5   7   2     1    e   1    8   8   2     1    e   1   15   5   5     0    0   0           5       0      12     735     0.0156        0  0.00649
* 2   5   7   2     1    e   1   11   5   2     1    2   0                                       6       0       6     618    0.00942        0  0.00942
* 3  10   7   2     1    e   0   13   5   3     1    2   0   15   6  10     0    0   0           6       0     220     740      0.283        0  0.00772
* 3   9   7   2     1    e   1    9   8   2     1    e   1   13   6   1     1    2   0           6       0     394     846      0.444        0  0.00676
* 3   5   7   2     1    e   1   14   6   3     1    0   0   14   8   1     1    0   0           7       0      10     531     0.0178        0   0.0125
* 3  10   7   3     1    e   0   13   6   1     1    2   0   15   6  10     0    0   0           7       0     189     707      0.254        0  0.00941
* 3   9   7   2     1    e   1   10   7   3     1    e   1   13   5   2     1    2   0           7       0     533    1036      0.491        0  0.00644
* 3   5  10  14     1    e   1    8   8   2     1    e   1   13   8   1     1    2   0           8       0      29    1044     0.0265        0   0.0073
* 3   8   8   2     1    e   1   10   7   2     1    e   0   14   8   1     1    0   0           9       0      25     679     0.0349        0   0.0126
* 3   7   7   2     1    e   1    9   8   2     1    e   1   12   7   1     1    6   0          10       0     233     574      0.383        0   0.0164
* 2  10   7   3     1    e   1   14   5   2     1    0   0                                      10       0     171     786      0.211        0   0.0123
* 3   5   7   2     1    e   1    8   8   2     1    e   1   11   7   1     1    e   0          11       0       9     746     0.0114        0   0.0139
* 3   9   7   2     1    e   1   10   7   3     1    e   1   13   5   3     1    2   0          11       0     520     985      0.501        0   0.0106
* 3   8   8   2     1    e   1   11   7   1     1    e   0   13   8   1     1    2   0          12       0      25     757     0.0312        0    0.015
* 3  14   6   3     1    0   0   14   8   1     1    0   0   15   8  10     0    0   0          13       0      72     561       0.12        0   0.0217
* 3  14   5   2     1    0   0   15   8  10     0    0   0   15  10  10     0    0   0          14       0      49     769     0.0601        0   0.0172
* 2   5   7   2     1    e   1    9   8   2     1    e   1                                      14       0      19    1104     0.0167        0   0.0123
* 3   7   7   2     1    e   1    9   9   2     1    e   1   12   7   1     1    6   0          15       0     249     538      0.432        0    0.026
* 3   5   7   2     1    e   1   14   5   2     1    0   0   14   7   0     1    0   0          16       0      13     624     0.0195        0    0.024
* 1  14   6   3     1    0   0                                                                  16       0      47     688     0.0668        0   0.0227
* 3   5   7   2     1    e   1    8   8   2     1    e   1   14   8   1     1    0   0          17       0      18     996     0.0171        0   0.0161
* 3   9   7   2     1    e   1   10   7   2     1    e   0   13   5   2     1    2   0          17       0     397    1118      0.336        0   0.0144
* 1  15  10  10     0    0   0                                                                  18       0      23     717     0.0313        0   0.0245
* 3  15   6  10     0    0   0   15   8  10     0    0   0   15  10  10     0    0   0          18       0      19     892       0.02        0    0.019
* 2  11   7   1     1    e   0   14   5   2     1    0   0                                      19       0      58     852     0.0653        0   0.0214
* 2  14   6   2     1    0   0   15  10  10     0    0   0                                      21       0      58     871     0.0637        0   0.0231
* 3   5   7   2     1    e   1    5  10  14     1    e   1   15  10  10     0    0   0          22       0      25     824     0.0284        0    0.025
* 3   5   7   2     1    e   1    8   8   2     1    e   1   13   5   2     1    2   0          22       0      25    1082     0.0217        0   0.0191
* 3   5   7   2     1    e   1    8   8   2     1    e   1   10   9   1     1    e   1          23       0       5    1013    0.00463        0   0.0213
* 3   5  10  14     1    e   1   10   7   3     1    e   1   14   8   1     1    0   0          23       0     272    1135      0.225        0   0.0191
* 3   7   7   2     1    e   1   12   7   1     1    6   0   14   5   2     1    0   0          25       0     175     799      0.204        0   0.0291
* 3   5   7   2     1    e   1    8   8   2     1    e   1   13   6   1     1    2   0          28       0      11     588     0.0171        0   0.0436
* 3   5   7   2     1    e   1   14   5   2     1    0   0   14   6   3     1    0   0          28       0      24     910     0.0246        0   0.0287
* 3   7   7   2     1    e   1   12   7   1     1    6   0   14   6   2     1    0   0          30       0     158    1052       0.14        0   0.0266
* 1  14   8   1     1    0   0                                                                  39       0     132     640      0.194        0   0.0574
* 2  15   8  10     0    0   0   15  10  10     0    0   0                                      39       0      71    1228     0.0549        0   0.0302
* 3  10   7   3     1    e   1   10   8   3     1    e   1   13   5   2     1    2   0          47       0     130     938      0.127        0   0.0458
* 2  14   5   2     1    0   0   14   6   3     1    0   0                                      68       0      91    1158     0.0727        0   0.0544
