
@49
* 1   9  20   4     0    2   0                                                                 108       0       0       0          0        0        1

@56
* 1   9  16   6     0    6   0                                                                  26       0       0       0          0        0        1
* 1  10  21   4     0    2   0                                                                1272       0       0      26          0        0     0.98

@57
* 1  10  11   6     0    6   0                                                                1834       0       0      22          0        0    0.988

@58
* 1  10  12   7     0    6   0                                                                  17       0       0       1          0        0    0.944
* 1  10  12   6     0    6   0                                                                1320       0       0      18          0        0    0.987

@59
# 3  12 24  13 15  13 16                                                                         4       0       0       0          0        0     0.92
* 1  10  13   9     0    6   0                                                                  23       0       0       4          0        0    0.852
* 1  10  14   6     0    6   0                                                                 776       0       0      27          0        0    0.966

@60
* 1   9  11   1     0    4   0                                                                   9       0       0      83          0        0   0.0978
* 1  10  15   9     0    6   0                                                                  51       0       0     198          0        0    0.205
# 2  11 21  13 15                                                                              106       0       0      92          0        0    0.493
* 1  10  16   6     0    6   0                                                                 969       0       0     249          0        0    0.796

@61
* 1  11   6   0     1    2   0                                                                  17       0       0       0          0        0        1
* 1  10   6   0     1    2   0                                                                1501       0       0       0          0        0        1

@62
* 1  11  11   7     0    0   0                                                                   0       0       0       1          0        0        0
* 1  11  10   9     0    0   0                                                                  37       0       0       1          0        0    0.974
* 1  11  11   6     0    0   0                                                                6372       0       0      38          0        0    0.994

@63
* 1  11  12   9     0    0   0                                                                   0       0       0       3          0        0        0
* 1  11  12   8     0    0   0                                                                   3       0       0       3          0        0      0.5
* 1  10   7   8     0    0   0                                                                 425       0       0       6          0        0    0.986
* 1  12  17   0     0    0   0                                                                5187       0       0     431          0        0    0.923

@64
* 1  11  14   0     0    0   0                                                                  14       0       0      17          0        0    0.452
* 1  10   8  11     0    0   0                                                                  98       0       0      31          0        0     0.76
* 1  10   9   8     0    0   0                                                                2999       0       0     129          0        0    0.959

@65
* 2  10   8  13     0    e   0   10  11   3     0    e   0                                       0       0       0      54          0        0        0
* 2   8  10  10     0    e   1    9   5  13     0    e   1                                       0       0       0      56          0        0        0
* 2  10   8  12     0    e   0   10  11   2     0    8   0                                       1       0       0      53          0        0   0.0181
* 2  10   8  13     0    e   0   10  11   2     0    e   0                                       1       0       0      56          0        0   0.0172
* 2  10   8  12     0    e   0   10  11   3     0    e   0                                       1       0       0      57          0        0   0.0169
* 1  11  15   9     0    0   0                                                                   2       0       0      54          0        0   0.0357
* 1   8  10  10     0    e   1                                                                   3       0       0      58          0        0   0.0492
* 1  10  10  11     0    0   0                                                                  51       0       0      61          0        0    0.455

@67
* 1  12  12   6     0    0   0                                                                   1       0       0      34          0        0   0.0286
* 1  11   6  11     0    0   0                                                                  37       0       0      35          0        0    0.514
* 1  11   7   8     0    0   0                                                                3429       0       0      72          0        0    0.979

@68
* 3   6   7   2     1    e   0   10   8  10     0    e   0   11   7  10     1    e   0           0       0       0       4          0        0        0
* 2  11   6   2     0    a   0   11   8   8     0    4   0                                       0       0       0       4          0        0        0
* 2   7   5   2    21    2   0    9   5   1    21    2   0                                       1       0       0       4          0        0    0.196
* 2   7   5   2    21    2   0   10   5  13     1    2   0                                       1       0       0       5          0        0    0.163
* 1   8   5   2    21    2   0                                                                   7       0       0       6          0        0    0.538
* 1   7   5   2    21    2   0                                                                   7       0       0      13          0        0     0.35
* 1  10   8  10     0    e   0                                                                  10       0       0      20          0        0    0.333
* 1  11   8  15     0    e   0                                                                 782       0       0      30          0        0    0.963
* 1  11   8   0     0    0   0                                                                5019       0       0     812          0        0    0.861

@69
* 2   8   5   2    21    2   0   10   5   0     1    2   0                                     268       0       0     770          0        0    0.253
* 1  10   5   0     1    2   0                                                                1511       0       0    1038          0        0    0.593

@70
* 1  12  14   0     0    4   0                                                                   1       0       0     245          0        0  0.00407
* 2  11   9   2     0    4   0   11  10   8     0    4   0                                       6       0       0     239          0        0    0.024
* 1  11   9   9     0    e   0                                                                  68       0       0     246          0        0    0.217
* 1  11   9   8     0    e   0                                                                4900       0       0     314          0        0     0.94

@71
* 1  12   6  11     0    6   0                                                                   1       0       0       7          0        0    0.125
* 1  12   7   8     0    6   0                                                                 130       0       0       8          0        0    0.942
* 1  13  11   9     0    2   0                                                                6133       0       0     138          0        0    0.978

@72
* 3  11  10   8     0    4   0   12   9  10     0    4   0   12  10   4     0    6   0          10       0       0    1635          0        0  0.00584
* 3  11  10   8     0    4   0   12   7  11     0    6   0   12  10   8     0    4   0          13       0       0    1645          0        0  0.00753
* 3  12   6  11     0    6   0   12   7  10     0    6   0   12   9  11     0    4   0          63       0       0    1572          0        0    0.037
* 2  13  11  13     0    2   0   13  14   9     0    2   0                                     119       0       0    1658          0        0   0.0656
* 2  12   6  10     0    6   0   12  10   8     0    4   0                                     263       0       0    2286          0        0    0.101
* 1  11   5  10     0    2   0                                                                 509       0       0    1777          0        0    0.223
* 1  12   9  11     0    6   0                                                                2786       0       0    2549          0        0    0.522

@73
* 2  13   6  10     0    2   0   14  11   0     0    0   0                                       0       0       0       1          0        0        0
* 1  13   7   9     0    2   0                                                                   7       0       0       1          0        0    0.875
* 1  13   6  11     0    2   0                                                                 233       0       0       8          0        0    0.967
* 1  13   7   8     0    2   0                                                               24364       0      14     241   0.000569        0     0.99

@74
* 3  11   7  11     0    8   0   13   8   8     0    0   0   14  13   9     0    0   0           0       0       0       1          0        0        0
* 3  12   6   7     0    6   0   13   8   8     0    0   0   13  11   5     0    2   0           0       0       0       1          0        0        0
* 3  12   6   7     0    6   0   13   6   5     0    2   0   13   8   9     0    0   0           0       0       0       1          0        0        0
* 3  13   7   6     0    2   0   13   8   9     0    0   0   14  13   1     0    0   0           0       0       0       1          0        0        0
* 2  13   6   5     0    2   0   14  13   8     0    0   0                                       0       0       0       1          0        0        0
* 2  13   7   6     0    0   0   13   8   8     0    0   0                                       0       0       0       1          0        0        0
* 3  12   6   6     0    6   0   12   7   7     0    6   0   13   7   7     0    0   0           0       0       0       1          0        0        0
* 1  11   6  10     0    e   0                                                                   0       0       0       1          0        0        0
* 1  14  13   0     0    0   0                                                                   0       0       0       1          0        0        0
* 2  13   6   4     0    2   0   13   8  12     0    2   0                                       0       0       0       1          0        0        0
* 2  13   6   4     0    2   0   13   8  13     0    2   0                                       1       0       0       1          0        0     0.49
* 3  13   7   6     0    2   0   13   8   8     0    0   0   14  13   2     0    0   0           1       0       0       2          0        0     0.32
* 2  12   7   6     0    6   0   13   8   9     0    0   0                                       1       0       0       3          0        0    0.245
* 2  12   7   7     0    6   0   13   8   9     0    0   0                                       2       0       0       4          0        0    0.327
* 2  13   6   4     0    2   0   13   8   8     0    0   0                                      14       0       0      26          0        0    0.343
* 2  13   6   5     0    2   0   13   8   8     0    0   0                                      20       0       0       6          0        0    0.754
* 1  13   8   3     0    2   0                                                                1167       0       0      40          0        0    0.967
* 1  13   8   2     0    2   0                                                               17364       0       0    1207          0        0    0.935

@75
* 2  11   6  10     0    e   0   12   6  10     0    4   0                                       2       0       0     143          0        0   0.0135
* 3  12   6  11     0    4   0   12   7  13     0    6   0   13   6  13     0    2   0           3       0       0     191          0        0   0.0148
* 2  13   8  13     0    2   0   14  13  13     0    0   0                                       4       0       0     172          0        0   0.0223
* 3  13   8  13     0    2   0   13  10  12     0    2   0   14  13  12     0    0   0           5       0       0     145          0        0    0.032
* 3  12   7  12     0    6   0   13   6  12     0    2   0   13  11  13     0    0   0           5       0       0     150          0        0    0.031
* 3  12   6  11     0    4   0   12   7  12     0    6   0   13   6  13     0    2   0           5       0       0     176          0        0   0.0265
* 3  12   6  11     0    6   0   13  10  11     0    2   0   13  11   9     0    2   0           6       0       0     155          0        0   0.0358
* 3  12   7  12     0    6   0   13   6  13     0    2   0   13  11  12     0    0   0          10       0       0     181          0        0   0.0503
* 2  13   8  13     0    2   0   14  13  12     0    0   0                                      11       0       3     161     0.0171        0   0.0627
* 1  14  16   6     0    0   0                                                                  13       0       0     194          0        0   0.0628
* 2  13   6  12     0    2   0   13  11  11     0    2   0                                      15       0       0     207          0        0   0.0662
* 2  12   6  10     0    4   0   13   7  12     0    2   0                                      20       0       0     222          0        0    0.081
* 3  12   6  11     0    0   0   12   7  12     0    6   0   13   6  12     0    2   0          22       0       0     277          0        0   0.0706
* 3  12   6  11     0    0   0   12   7  13     0    6   0   13   6  12     0    2   0          35       0       0     242          0        0    0.121
* 3  12   6  10     0    0   0   13   6  13     0    2   0   13   7  12     0    2   0          92       0       0     299          0        0    0.226
* 2  12   6  10     0    0   0   13   7  13     0    2   0                                     154       0       0     391          0        0    0.277
* 1  13  10  11     0    2   0                                                                 602       0       0     545          0        0    0.525
* 1  12   6  10     0    6   0                                                                6653       0       0    1147          0        0    0.853

@76
* 2  14   6   1     0    0   0   15  11   8     0    0   0                                       0       0       0       0          0        0        0
* 2  15  11   8     0    0   0   15  12   0     0    0   0                                       0       0       0       0          0        0        0
* 2  13   6  10     0    2   0   15  11   9     0    0   0                                       0       0       0       0          0        0        0
* 3  13   6  11     0    2   0   14   6   1     0    0   0   14  11   0     0    0   0           0       0       0       1          0        0        0
* 3  13   6  10     0    2   0   14   7   3     0    0   0   14  11   0     0    0   0           0       0       0       1          0        0        0
* 3  13   6  11     0    2   0   14   7   3     0    0   0   14  11   0     0    0   0           0       0       0       1          0        0        0
* 3  13   6  10     0    2   0   14   7   2     0    0   0   14  11   1     0    0   0           0       0       0       1          0        0        0
* 3  13   6  10     0    2   0   14   7   2     0    0   0   14  11   2     0    0   0           0       0       0       1          0        0        0
* 2  13   6  10     0    2   0   14   6   2     0    0   0                                       0       0       0       2          0        0        0
* 3  13   6  10     0    2   0   14   6   1     0    0   0   14  11   0     0    0   0           1       0       0       0          0        0     0.96
* 3  13   6  10     0    2   0   14   6   2     0    0   0   15  12   7     0    0   0           1       0       0       1          0        0     0.48
* 1  15  12  14     0    0   0                                                                   1       0       0       2          0        0    0.333
* 2  13   6  10     0    2   0   15  12   7     0    0   0                                       2       0       2       7      0.218        0    0.218
* 2  14   6  10     0    0   0   14   7   0     0    0   0                                       4       0       0       3          0        0     0.56
* 3  13   6  10     0    2   0   15  11   8     0    0   0   15  12   7     0    0   0           5       0       2       9      0.137        0    0.343
* 1  14   7   2     0    0   0                                                                  14       0       0      14          0        0      0.5
* 2  13   6  10     0    2   0   14   6   1     0    0   0                                      69       0       4      28     0.0404        0    0.697
* 1  14   7   0     0    0   0                                                                 208       0      55     310      0.106        0    0.402
* 1  15  11   9     0    0   0                                                                 213       0       0      97          0        0    0.687
* 1  15  12   0     0    0   0                                                               11397       0      86     518    0.00722        0    0.957

@77
* 2  14   7   4     0    0   0   15  12   3     0    0   0                                       0       0       0       5          0        0        0
* 2  15  11  12     0    0   0   15  12   4     0    0   0                                       0       0       0       5          0        0        0
* 2  15  11  13     0    0   0   15  13  13     0    0   0                                       0       0       0       5          0        0        0
* 3  13   6  10     0    2   0   15  11  13     0    0   0   15  12   4     0    0   0           0       0       0       5          0        0        0
* 3  13   6  10     0    2   0   14   6  12     0    0   0   14   7   0     0    0   0           0       0       0       6          0        0        0
* 2  14   7   0     0    0   0   15  11  12     0    0   0                                       0       0       0       7          0        0        0
* 2  15  11  12     0    0   0   15  13  13     0    0   0                                       0       0       0      11          0        0        0
* 3  13   6  10     0    2   0   15  11  12     0    0   0   15  12   4     0    0   0           1       0       0       5          0        0     0.16
* 3  13   6  10     0    2   0   14   7   0     0    0   0   15  11  12     0    0   0           1       0       0       6          0        0    0.137
* 3  13   6  10     0    2   0   14   7   0     0    0   0   15  11  13     0    0   0           1       0       0       7          0        0     0.12
* 2  15  11  12     0    0   0   15  13  12     0    0   0                                       3       0       0       8          0        0    0.267
* 3  13   6  10     0    2   0   14   6  13     0    0   0   14   8  12     0    0   0           4       0       1      40     0.0218        0   0.0873
* 1  14   8   1     0    0   0                                                                   8       0       0      11          0        0    0.421
* 3  13   6  10     0    2   0   14   6  12     0    0   0   14   8  12     0    0   0          10       0       0      44          0        0    0.178
* 3  14   7   5     0    0   0   14   8   1     0    0   0   15  12   3     0    0   0          21       0       0      19          0        0    0.504
* 3  13   6  10     0    2   0   14   6  13     0    0   0   14   8  13     0    0   0         167       0       1      54    0.00434        0    0.725
* 3  13   6  10     0    2   0   14   6  12     0    0   0   14   8  13     0    0   0         206       0       0     221          0        0    0.463
* 1  14   8   0     0    0   0                                                                 416       0       0     427          0        0    0.493
* 1  15  13   0     0    0   0                                                                9816       0       0     843          0        0    0.921

@78
* 3  12   8  10     0    6   0   12   9  10     0    2   0   14   9   3     0    0   0           0       0       0      12          0        0        0
* 2  13   4  13     0    0   0   15  12  12     0    0   0                                       0       0       0      12          0        0        0
* 2  12   9  10     0    2   0   13   7  13     0    2   0                                       0       0       0      12          0        0        0
* 3  12   8  10     0    6   0   14   8  12     0    0   0   14   9   2     0    0   0           0       0       0      12          0        0        0
* 3  12   8  10     0    4   0   13   4  12     0    0   0   15  12  12     0    0   0           0       0       0      12          0        0        0
* 3  12   8  10     0    4   0   13   4  10     0    0   0   14   8  13     0    0   0           0       0       0      12          0        0        0
* 2  14   9   3     0    0   0   15  11  13     0    0   0                                       0       0       0      12          0        0        0
* 3  13   4  12     0    0   0   14   7  12     0    0   0   15  11  12     0    0   0           0       0       0      12          0        0        0
* 1  14   9   2     0    0   0                                                                   0       0       0      12          0        0        0
* 2  12   8  10     0    6   0   13   6  13     0    2   0                                       0       0       0      12          0        0        0
* 3  13   4  12     0    0   0   15  11  13     0    0   0   15  12  12     0    0   0           0       0       0      12          0        0        0
* 2  12   8  10     0    6   0   13   4  11     0    0   0                                       0       0       0      12          0        0        0
* 3  13   4  13     0    0   0   14   7  13     0    0   0   15  11  13     0    0   0           0       0       0      12          0        0        0
* 2  12   9  10     0    2   0   13   6  12     0    2   0                                       0       0       0      12          0        0        0
* 1  12   8  10     0    4   0                                                                   0       0       0      12          0        0        0
* 3  13   4  12     0    0   0   15  11  13     0    0   0   15  12  13     0    0   0           0       0       0      13          0        0        0
* 2  13   4  12     0    0   0   15  11  13     0    0   0                                       0       0       0      13          0        0        0
* 3  12   8  10     0    0   0   13   4  13     0    0   0   14   9   3     0    0   0           0       0       0      13          0        0        0
* 3  13   4  12     0    0   0   14   7  13     0    0   0   15  11  12     0    0   0           0       0       0      13          0        0        0
* 2  14   7  12     0    0   0   14   9   3     0    0   0                                       0       0       0      18          0        0        0
* 2  13   4  13     0    0   0   15  11  12     0    0   0                                       0       0       0      24          0        0        0
* 3  12   8  10     0    0   0   13   4  12     0    0   0   14   8  12     0    0   0           1       0       0      12          0        0   0.0738
* 2  12   8  10     0    0   0   12   9  10     0    4   0                                       1       0       0      17          0        0   0.0544
* 2  13   6  13     0    2   0   14   9   2     0    0   0                                       1       0       0      31          0        0   0.0306
* 2  13   6  13     0    2   0   14   9   3     0    0   0                                       1       0       0      37          0        0   0.0258
* 2  13   6  12     0    2   0   14   9   3     0    0   0                                       1       0       0      43          0        0   0.0223
* 2  13   6  12     0    2   0   14   9   2     0    0   0                                       1       0       0      44          0        0   0.0218
* 2  12   9  10     0    0   0   13   6  13     0    2   0                                       2       0       0      13          0        0    0.131
* 2  12   8  10     0    0   0   14   9   0     0    0   0                                       2       0       0      15          0        0    0.115
* 2  13   4  13     0    0   0   15  11  13     0    0   0                                       2       0       0      22          0        0   0.0817
* 2  14   9   3     0    0   0   15  11  12     0    0   0                                       2       0       0      24          0        0   0.0754
* 3  13   6  13     0    2   0   14   7  12     0    0   0   14   9   2     0    0   0           2       0       0      29          0        0   0.0619
* 1  12   9  10     0    6   0                                                                   3       0       0      26          0        0    0.103
* 1  12   8  10     0    6   0                                                                   4       0       0      18          0        0    0.182
* 3  13   6  12     0    2   0   14   7  13     0    0   0   14   9   2     0    0   0           5       0       0      32          0        0     0.13
* 3  13   6  12     0    2   0   14   7  12     0    0   0   14   9   2     0    0   0           5       0       0      38          0        0    0.112
* 2  13   4  12     0    0   0   14   7  12     0    0   0                                      59       0       0     154          0        0    0.271
* 2  13   4  12     0    0   0   14   7  13     0    0   0                                      62       0       0     213          0        0    0.221
* 1  13   4  11     0    0   0                                                                 109       0       0      45          0        0    0.708
* 2  13   4  13     0    0   0   14   7  13     0    0   0                                     125       0       0     401          0        0    0.233
* 2  13   4  13     0    0   0   14   7  12     0    0   0                                     126       0       0     275          0        0    0.308
* 1  13   4  10     0    0   0                                                                3516       0       0     526          0        0     0.87
* 1  14   9   0     0    0   0                                                               20963       0       0    4042          0        0    0.838

@79
* 3  12   8  13     1    2   0   12   9   2     1    2   0   14   8  13     0    0   0           0       0       0       0          0        0        0
* 3  12   8  13     1    2   0   12   9   2     1    2   0   13   4  12     0    0   0           0       0       0       0          0        0        0
* 2  10   9  10     1    e   0   15   6  10     0    0   0                                       0       0       0       0          0        0        0
* 2  11   9   2     1    6   0   14   6  10     0    0   0                                       0       0       0       0          0        0        0
* 3  14   8  13     0    0   0   14   9  12     0    0   0   15  13  12     0    0   0           0       0       0       0          0        0        0
* 2  10   9  11     1    e   0   11   9   1     1    6   0                                       0       0       0       0          0        0        0
* 3  12   8  13     1    2   0   13   4  13     0    0   0   15  13  12     0    0   0           0       0       0       0          0        0        0
* 2  10   9  11     1    e   0   12   8  13     1    2   0                                       0       0       0       0          0        0        0
* 2  11   9   1     1    6   0   15   6  10     0    0   0                                       0       0       0       0          0        0        0
* 3  14   6  10     0    0   0   15   6  11     0    0   0   15  11   9     0    0   0           0       0       0       0          0        0        0
* 3  10   9  11     1    e   0   11   9   1     1    6   0   12   8  12     1    2   0           0       0       0       0          0        0        0
* 1  12   9   1     1    2   0                                                                   0       0       0       0          0        0        0
* 3  11   9   2     1    6   0   12   9   1     1    2   0   14   6  10     0    0   0           0       0       0       0          0        0        0
* 3  10   9  11     1    e   0   13   4  13     0    0   0   14   9  13     0    0   0           0       0       0       0          0        0        0
* 1  10   9  11     1    e   0                                                                   0       0       0       0          0        0        0
* 3  10   9  11     1    e   0   13   4  13     0    0   0   14   9  12     0    0   0           0       0       0       0          0        0        0
* 2  10   9  11     1    e   0   14   6  10     0    0   0                                       0       0       0       0          0        0        0
* 2  11   9   1     1    6   0   12   8  13     1    2   0                                       0       0       0       0          0        0        0
* 3  10   8  10     1    e   0   13   4  13     0    0   0   14   9  13     0    0   0           0       0       0       0          0        0        0
* 1  10   8  10     1    e   0                                                                   0       0       0       0          0        0        0
* 3  11   9   1     1    6   0   13   4  13     0    0   0   14   9  13     0    0   0           0       0       0       0          0        0        0
* 3  13   4  13     0    0   0   14   7   1     0    0   0   14   9  13     0    0   0           0       0       0       0          0        0        0
* 1  10   8  11     1    e   0                                                                   0       0       0       0          0        0        0
* 3  10   9  10     1    e   0   13   4  13     0    0   0   14   9  13     0    0   0           0       0       0       0          0        0        0
* 3  10   9  10     1    e   0   13   4  13     0    0   0   14   9  12     0    0   0           0       0       0       0          0        0        0
* 2  10   8  10     1    e   0   14   6   2     0    0   0                                       0       0       0       0          0        0        0
* 3  13   4  12     0    0   0   14   6  10     0    0   0   14   9  13     0    0   0           0       0       0       0          0        0        0
* 3  14   7   1     0    0   0   15   6  11     0    0   0   15  11   9     0    0   0           0       0       0       0          0        0        0
* 3  10   8  11     1    e   0   11   9   1     1    6   0   12   9   1     1    2   0           0       0       0       0          0        0        0
* 3  11   9   1     1    6   0   13   4  13     0    0   0   14   9  12     0    0   0           0       0       1       1       0.96        0        0
* 2  12   9   1     1    2   0   14   6  10     0    0   0                                       0       0       0       1          0        0        0
* 3  11   9   1     1    6   0   14   6  10     0    0   0   15   6  10     0    0   0           0       0       1       1       0.96        0        0
* 3  13   4  12     0    0   0   14   7   1     0    0   0   14   9  13     0    0   0           0       0       0       1          0        0        0
* 3  13   4  12     0    0   0   14   6  10     0    0   0   14   9  12     0    0   0           0       0       0       1          0        0        0
* 3  13   4  13     0    0   0   14   6  10     0    0   0   14   9  12     0    0   0           0       0       2       5      0.384        0        0
* 2  11   9   1     1    6   0   12   8  12     1    2   0                                       1       0       0       0          0        0     0.98
* 1  10   9   2     1    e   0                                                                   1       0       0       3          0        0     0.25
* 3  11   9   1     1    6   0   12   8  13     1    2   0   15   6  10     0    0   0           1       0       2       4      0.384        0    0.192
* 1  14  10   0     0    0   0                                                                   1       0       2       5      0.333        0    0.167
* 3  14   7   1     0    0   0   15   7  12     0    0   0   15  11   9     0    0   0           2       0       0       1          0        0     0.64
* 1  11   9   1     1    6   0                                                                   2       0       5       9      0.455        0    0.182
* 1  15  11   8     0    0   0                                                                   3       0       0       6          0        0    0.333
* 1  15   7   9     0    0   0                                                                  55       0       0      11          0        0    0.833
* 1  15   7   8     0    0   0                                                                 972       0      21      66     0.0202        0    0.936
* 1  15   6  11     0    0   0                                                               52802       0     262    1038    0.00487        0    0.981

@80
* 3  11   5   2     1    2   0   12   6  12     1    2   0   13   9  10     0    2   0           0       0       0       1          0        0        0
* 3  13   5  12     0    2   0   14  11   0     0    0   0   15   7   0     0    0   0           0       0       0       1          0        0        0
* 1  12   6   2     1    2   0                                                                   0       0       0       1          0        0        0
* 2  13   6  13     0    2   0   15   7   2     0    0   0                                       0       0       0       1          0        0        0
* 3  13   5  13     0    2   0   15   6  13     0    0   0   15   7   0     0    0   0           0       0       0       1          0        0        0
* 3  10   6  12     1    6   0   12   6  12     1    2   0   14   6  10     0    0   0           0       0       0       1          0        0        0
* 1  11  12   1     1    e   0                                                                   0       0       1       1          1        0        0
* 2  13   5  13     0    2   0   15   6  13     0    0   0                                       0       0       0       2          0        0        0
* 3  14  11   0     0    0   0   15   6  13     0    0   0   15   7   1     0    0   0           0       0       0       2          0        0        0
* 2  13   6  13     0    2   0   15   7   0     0    0   0                                       0       0       0       4          0        0        0
* 3  13   5  13     0    2   0   14   6  10     0    0   0   15   6  12     0    0   0           0       0       0       4          0        0        0
* 2  13   9  10     0    2   0   15   7   0     0    0   0                                       0       0       0       4          0        0        0
* 3  13   9  11     0    2   0   14   7   6     0    0   0   15   7   0     0    0   0           0       0       0       4          0        0        0
* 3  12   6  13     1    2   0   13   5  12     0    2   0   14   6  10     0    0   0           0       0       0       4          0        0        0
* 3  14   6  10     0    0   0   15   8  12     0    0   0   15   9   9     0    0   0           0       0       0       4          0        0        0
* 2  15   6  12     0    0   0   15   8  13     0    0   0                                       0       0       0       4          0        0        0
* 3  12   6  12     1    2   0   13   6  12     0    2   0   15   8  13     0    0   0           0       0       1       4       0.24        0        0
* 3  13   5  12     0    2   0   13   6  12     0    2   0   15   7   0     0    0   0           0       0       0       4          0        0        0
* 3  12   6  13     1    2   0   14   6  10     0    0   0   15   7   0     0    0   0           0       0       0       4          0        0        0
* 3  13   5  12     0    2   0   14   6  10     0    0   0   15   8  13     0    0   0           0       0       0       4          0        0        0
* 2  12   6  13     1    2   0   13   5  13     0    2   0                                       0       0       0       4          0        0        0
* 3   7   7   2     1    e   1   13   6  12     0    2   0   15   7   1     0    0   0           0       0       1       5      0.192        0        0
* 3  14   6  10     0    0   0   15   6  12     0    0   0   15   8  12     0    0   0           0       0       0       5          0        0        0
* 3  13   5  13     0    2   0   15   7   0     0    0   0   15   8  12     0    0   0           0       0       0       8          0        0        0
* 1   7   7   2     1    e   1                                                                   0       0       0       8          0        0        0
* 3  13   5  13     0    2   0   15   6  13     0    0   0   15   9   8     0    0   0           0       0       0      15          0        0        0
* 2  14  11   0     0    0   0   15   7   0     0    0   0                                       1       0       0       1          0        0     0.49
* 3  12   6  12     1    2   0   13   5  13     0    2   0   14   6  10     0    0   0           1       0       0       4          0        0    0.192
* 2  15   8  10     0    0   0   15   9   9     0    0   0                                       1       0       0       5          0        0    0.163
* 2  13   6  12     0    2   0   15   7   0     0    0   0                                       1       0       0       8          0        0    0.109
* 3  13   5  12     0    2   0   15   7   1     0    0   0   15   9   8     0    0   0           2       0       0       2          0        0     0.48
* 3  11   5   2     1    2   0   11   5   2     1    2   0   13   5  12     0    2   0           2       0       0       6          0        0     0.24
* 3  13   5  12     0    2   0   15   6  13     0    0   0   15   9   8     0    0   0           2       0       3       9      0.262        0    0.175
* 3  14   6  10     0    0   0   15   6  13     0    0   0   15   9   9     0    0   0           2       0       3      27     0.0993        0   0.0662
* 3  14   6  10     0    0   0   15   6  12     0    0   0   15   9   9     0    0   0           3       0       0      15          0        0     0.16
* 3  13   5  12     0    2   0   15   6  12     0    0   0   15   9   8     0    0   0           3       0       0      29          0        0     0.09
* 1  13   5  13     0    2   0                                                                   3       0       0      32          0        0   0.0857
* 3  13   5  12     0    2   0   14   6  10     0    0   0   15   8  12     0    0   0           4       0       3      11      0.192        0    0.256
* 2  13   5  13     0    2   0   15   7   0     0    0   0                                       9       0       2      18     0.0726        0    0.327
* 1  13   6  10     0    2   0                                                                  15       0       6      35       0.12        0      0.3
* 2  15   6  12     0    0   0   15   9   8     0    0   0                                      41       0       2      50     0.0215        0    0.442
* 2  15   6  13     0    0   0   15   9   8     0    0   0                                      43       0       3      91     0.0219        0    0.314
* 2  14   6  10     0    0   0   15   9   9     0    0   0                                      93       0       5     134     0.0216        0    0.401
* 2  15   7   2     0    0   0   15   9   8     0    0   0                                     156       0      56     227      0.143        0    0.399
* 1   7   8   2     1    e   1                                                                 518       0       4     383    0.00444        0    0.575
* 1  15   8  11     0    0   0                                                                2370       0       5     901    0.00153        0    0.725
* 1  15   9   8     0    0   0                                                               50944       0      29    3271   0.000535        0     0.94

@81
* 3   7   8   2     1    e   1   10   6   3     1    6   0   14   7   3     1    0   0           0       0       3      46     0.0626        0        0
* 3  13   6  11     0    2   0   15   7   8     0    0   0   15  11   8     0    0   0           0       0       0      46          0        0        0
* 3   7   8   2     1    e   1   10   6   3     1    6   0   14   5  13     0    0   0           0       0       3      46     0.0626        0        0
* 4  10   6   3     1    6   0   13   5  13     0    2   0   13   6  10     0    2   0   15   7   0     0    0   0           0       0      43      46      0.879        0        0
* 2  15   6  11     0    0   0   15  11   8     0    0   0                                       0       0       1      47     0.0209        0        0
* 3   9   8   1     1    e   0   14   5  13     1    0   0   14   6  10     0    0   0           0       0      20      47      0.409        0        0
* 3  11   5   2     1    2   0   13   6  10     0    2   0   14   5  13     0    0   0           0       0       6      47      0.123        0        0
* 2  12   9   1     1    6   0   14   5  13     0    0   0                                       0       0      22      47      0.459        0        0
* 4  15   6  11     0    0   0   15   7   2     0    0   0   15   8  11     0    0   0   15   9   8     0    0   0           0       0      18      48      0.352        0        0
* 3  12   9   1     1    6   0   13   4   5     1    0   0   14   5  12     1    0   0           0       0      26      54      0.462        0        0
* 1   8   5   2    21    2   0                                                                   1       0       0      46          0        0   0.0213
* 3   7   8   2     1    e   1   13   9  10     0    2   0   15   6  11     0    0   0           1       0       3      47       0.06        0     0.02
* 3  13   6  10     0    2   0   14   5  12     1    0   0   15   7   9     0    0   0           1       0       3      52     0.0543        0   0.0181
* 3   7   8   2     1    e   1    9   8   1     1    e   0   13   6  10     0    2   0           1       0       2      53     0.0356        0   0.0178
* 3   9   7   2     1    e   0   15   8  11     0    0   0   15   9   8     0    0   0           2       0      31      60       0.48        0    0.031
* 2  12   8   3     1    6   0   15   8  11     0    0   0                                       3       0      33      62      0.498        0   0.0452
* 3   7   8   2     1    e   1    9   7   2     1    e   0   13   5  13     0    2   0           3       0      31      71      0.402        0   0.0389
* 2  13   6  10     0    2   0   15   7   8     0    0   0                                       4       0       5      48     0.0942        0   0.0754
* 4  13   5  13     0    2   0   13   6  10     0    2   0   14   5  13     0    0   0   15   7   0     0    0   0           6       0       4      54     0.0627        0    0.094
* 4  13   6  10     0    2   0   15   7   2     0    0   0   15   8  11     0    0   0   15   9   8     0    0   0           6       0      12      65      0.159        0   0.0794
* 1  13   6  10     0    2   0                                                                   7       0       2     117     0.0161        0   0.0565
* 2  15   8  11     0    0   0   15   9   8     0    0   0                                      10       0      44      74      0.513        0    0.117
* 3  13   6  10     0    2   0   15   7   2     0    0   0   15   9   8     0    0   0          13       0       8      84     0.0792        0    0.129
* 3   7   8   2     1    e   1   14   6  10     0    0   0   14  10  11     0    0   0          14       0       5     150     0.0293        0    0.082
* 4  13   5  13     0    2   0   14   6  10     0    0   0   15   7   0     0    0   0   15   8  11     0    0   0          20       0      17      97      0.137        0    0.161
* 2  13   6  10     0    2   0   15   9   8     0    0   0                                      26       0      15     124      0.098        0     0.17
* 2  14   5  13     0    0   0   15   6  11     0    0   0                                      30       0       6     273     0.0194        0    0.097
* 2  13   5  12     1    2   0   14   6  10     0    0   0                                      32       0       0     303          0        0   0.0936
* 3  10   8   0     1    e   1   14   6  10     0    0   0   15   8  11     0    0   0          33       0      63     164      0.307        0    0.161
* 2  13   6  10     0    2   0   14   6  10     0    0   0                                      36       0      19     237     0.0682        0    0.129
* 3  13   6  10     0    2   0   14   6  10     0    0   0   15   7   9     0    0   0          40       0      31     197      0.126        0    0.162
* 3  13   6  10     0    2   0   15   9   8     0    0   0   15  11   8     0    0   0          76       0      26     335     0.0607        0    0.178
* 4  13   6  10     0    2   0   15   7   2     0    0   0   15   9   8     0    0   0   15  11   8     0    0   0          86       0      27     411     0.0511        0    0.163
* 3  13   5  13     1    2   0   14   5  12     1    0   0   14   6  10     0    0   0          88       0       0     497          0        0    0.144
* 3  10   8   0     1    e   1   13   5  12     0    2   0   14   6  10     0    0   0         169       0     199     755      0.207        0    0.176
* 3  14   6  10     0    0   0   15   6  11     0    0   0   15   8  11     0    0   0         170       0      67     585     0.0852        0    0.216
* 3  13   5  12     1    2   0   14   6  10     0    0   0   15   6  11     0    0   0         480       0     190     924       0.13        0    0.328
* 1  14   5  13     0    0   0                                                                1249       0       2    1404   0.000754        0    0.471
* 3  13   5  13     1    2   0   14   6  10     0    0   0   15   6  11     0    0   0        2846       0     967    2653      0.169        0    0.497
* 1  14   6  10     0    0   0                                                                6463       0      10    5499   0.000836        0     0.54
* 1  15  11   8     0    0   0                                                               43054       0       8   11962   0.000145        0    0.783

@82
* 1  11   5   2     1    2   0                                                                   0       0       2      15      0.133        0        0
* 1  10  10   1     1    e   0                                                                   0       0       3      17      0.176        0        0
* 1   9   7   2     1    e   0                                                                   0       0       2      28     0.0714        0        0
* 1  12   7   1     1    6   0                                                                   0       0       7      29      0.241        0        0
* 1  11   6   2     1    2   0                                                                   0       0      24      33      0.727        0        0
* 1  10  10   1     1    e   1                                                                   0       0      12      33      0.364        0        0
* 1  13   5   3     1    2   0                                                                   0       0      20      60      0.333        0        0
* 1   9   8   2     1    e   1                                                                   0       0      22      77      0.286        0        0
* 1  14   7   0     1    0   0                                                                   1       0       5      17      0.278        0   0.0556
* 1  12   8  10     0    6   0                                                                   1       0       0      18          0        0   0.0526
* 2   5   7   2     1    e   1   14   7   1     1    0   0                                       1       0       9      27      0.315        0    0.035
* 1  14   8   1     1    0   0                                                                   1       0      16      28      0.552        0   0.0345
* 1  13   6  10     0    2   0                                                                   1       0       3      29        0.1        0   0.0333
* 1  14   5  12     0    0   0                                                                   1       0      13      33      0.382        0   0.0294
* 2   5   7   2     1    e   1   14   6   2     1    0   0                                       1       0      16      34      0.448        0    0.028
* 1   9  11   1     1    e   1                                                                   1       0       4      35      0.111        0   0.0278
* 1  13   5  12     0    2   0                                                                   1       0       6      64     0.0923        0   0.0154
* 1  13   9  10     0    2   0                                                                   2       0       1      15     0.0588        0    0.118
* 1  11  12   1     1    e   0                                                                   3       0       3      30     0.0909        0   0.0909
* 1  15   6  10     0    0   0                                                                   3       0      32      36      0.821        0   0.0769
* 1  12   6   3     1    2   0                                                                   4       0      12      60      0.188        0   0.0625
* 1  13   8   0     1    2   0                                                                   5       0      16      72      0.208        0   0.0649
* 1  14  10   0     0    0   0                                                                   5       0       5      87     0.0543        0   0.0543
* 2   8   8   1     1    e   1   13   8   0     1    2   0                                       7       0       0      65          0        0   0.0953
* 1  13   9   1     1    2   0                                                                   7       0      19     103      0.173        0   0.0636
* 1  10   8   3     1    e   1                                                                   8       0       1      19      0.037        0    0.296
* 1  14   6   3     1    0   0                                                                   8       0      40     110      0.339        0   0.0678
* 1  11   7   1     1    e   0                                                                   8       0      54     118      0.429        0   0.0635
* 1  12   9   1     1    6   0                                                                  10       0       5      77     0.0575        0    0.115
* 2   9   7   2     1    e   1   10   8   2     1    e   1                                      11       0       3      92     0.0285        0    0.105
* 2   5   7   2     1    e   1   13   8   0     1    2   0                                      19       0      34     126       0.23        0    0.128
* 1  10   8   1     1    e   0                                                                  21       0       3      39       0.05        0     0.35
* 1  14   5   0     1    0   0                                                                  25       0     160     182      0.773        0    0.121
* 1   9   7   2     1    e   1                                                                  37       0      62     145      0.341        0    0.203
* 1  13   5   2     1    2   0                                                                  40       0     169     274      0.538        0    0.127
* 1  13   4   1     1    0   0                                                                  67       0     102     207      0.372        0    0.245
* 2   5   7   2     1    e   1   14   6   3     1    0   0                                      89       0     137     314      0.333        0    0.216
* 1   9   8   3     1    e   1                                                                  95       0     251     503       0.42        0    0.159
* 1  14   6   2     1    0   0                                                                 100       0     288     403      0.573        0    0.199
* 1  15   8  10     0    0   0                                                                 175       0     471     598      0.609        0    0.226
* 2   5   7   2     1    e   1    9   8   2     1    e   1                                     196       0     674    1593      0.369        0    0.107
* 1   9   9   1     1    e   1                                                                 352       0     404     773      0.359        0    0.313
* 1  10   7  12     1    e   0                                                                 467       0     701    1789      0.311        0    0.207
* 2   8   8   1     1    e   1   13   8   2     1    2   0                                     468       0      99    1125     0.0609        0    0.288
* 1  11   9   1     1    e   0                                                                1797       0     306    2256     0.0755        0    0.443
* 2   9   8   2     1    e   1   10   8   2     1    e   1                                    2655       0    1130    4053      0.165        0    0.388
* 1  13   5   1     1    0   0                                                                3799       0    3969    6708      0.378        0    0.362
* 1  14   7   1     1    0   0                                                                8110       0    8596   10507      0.462        0    0.436
* 1  15  10  10     0    0   0                                                                8784       0    9861   18617       0.36        0    0.321
* 1   5   7   2     1    e   1                                                               26397       0   26584   27401      0.494        0    0.491

@83
* 1  11   6   1     1    6   0                                                                   0       0      50     117      0.427        0        0
* 2  11   6   1     1    6   0   11   7   1     1    e   0                                       0       0      30     120      0.245        0        0
* 3   9   8   1     1    e   1    9   9   1     1    e   1   11   9   1     1    e   0           0       0      18     123       0.14        0        0
* 2   9   8   1     1    e   1   10   6   2     1    6   0                                       0       0       0     130          0        0        0
* 3   9   7   1     1    e   1   10  10   1     1    e   0   11   7   1     1    e   0           1       0       4     125     0.0305        0  0.00762
* 2   9   7   1     1    e   1   11   5   2     1    2   0                                       1       0      11     130     0.0823        0  0.00748
* 3   9   7   1     1    e   1    9   8   1     1    e   1    9   9   1     1    e   1           2       0      43     123       0.33        0   0.0154
* 2  11   5   2     1    2   0   11   6   1     1    6   0                                       2       0      18     170      0.103        0   0.0114
* 1   9   7   1     1    e   1                                                                   3       0      72     117        0.6        0    0.025
* 3   9   9   1     1    e   1   11   7   1     1    e   0   14   8   1     1    0   0           3       0      35     120      0.273        0   0.0234
* 2   9   9   1     1    e   1   14   8   1     1    0   0                                       3       0      41     139      0.283        0   0.0207
* 2  10   9   2     1    e   0   14   8   1     1    0   0                                       4       0      57     126       0.43        0   0.0302
* 3   9   8   1     1    e   1    9   9   1     1    e   1   13   5   0     1    2   0           8       0      41     131      0.283        0   0.0553
* 3  11   7   1     1    e   0   11   9   1     1    e   0   14   8   1     1    0   0           9       0      18     152      0.107        0   0.0537
* 2  11   7   1     1    e   0   14   8   1     1    0   0                                       9       0      48     161      0.277        0   0.0519
* 2  13   5   0     1    2   0   14   8   1     1    0   0                                      10       0      43     142      0.277        0   0.0645
* 2   9   8   1     1    e   1   13   4   1     1    0   0                                      14       0      27     172      0.142        0   0.0738
* 1   9   9   1     1    e   1                                                                  17       0      55     186      0.271        0   0.0837
* 2  11   6   1     1    6   0   13   4   1     1    0   0                                      22       0      13     203     0.0566        0   0.0958
* 2   9   8   1     1    e   1   11   6   1     1    6   0                                      34       0      34     225      0.129        0    0.129

@84
* 1  10   8   1     1    e   1                                                                   2       0      61     386      0.157        0  0.00515
* 2  13   5   0     1    2   0   14   7   1     1    0   0                                       3       0      70     330      0.206        0  0.00883
* 2   9   9   1     1    e   1   15   5  10     0    0   0                                       5       0      70     333      0.203        0   0.0145
* 3  13   6   1     1    2   0   13   8   1     1    2   0   13   9   1     1    2   0           6       0      31     388     0.0755        0   0.0146
* 3   5   7   2     1    e   1   14   5   2     1    0   0   14   7   1     1    0   0           6       0      84     437      0.182        0    0.013
* 3   5   7   2     1    e   1    9   7   1     1    e   1   14   5   2     1    0   0           8       0     103     466      0.209        0   0.0162
* 2   5   7   2     1    e   1   13   5   0     1    2   0                                       9       0      56     321      0.166        0   0.0267
* 3   5   7   2     1    e   1   15   5  10     0    0   0   15   6  10     0    0   0           9       0      26     338     0.0719        0   0.0249
* 3   5   7   2     1    e   1   13   5   0     1    2   0   14   6   2     1    0   0           9       0      69     367      0.176        0    0.023
* 3   5   7   2     1    e   1    9   8   2     1    e   1   10   7   2     1    e   0           9       0      42     443     0.0892        0   0.0191
* 3   9   7   1     1    e   1   13   5   0     1    2   0   15   5  10     0    0   0           9       0     170     474      0.338        0   0.0179
* 2  13   6   1     1    2   0   15   6  10     0    0   0                                      10       0      26     347     0.0714        0   0.0275
* 3   5   7   2     1    e   1   10   7   2     1    e   1   14   5   2     1    0   0          10       0      88     357       0.23        0   0.0262
* 3   5  10   2     1    e   1   14   6   2     1    0   0   15   5  10     0    0   0          10       0     114     376      0.284        0   0.0249
* 3   5   7   2     1    e   1    9   7   1     1    e   1    9   8   2     1    e   1          11       0      96     511      0.177        0   0.0202
* 3  10   8   1     1    e   1   14   7   1     1    0   0   15   5  10     0    0   0          13       0     136     409      0.309        0   0.0296
* 2   5   7   2     1    e   1   15   6  10     0    0   0                                      13       0      56     483      0.111        0   0.0257
* 2  13   8   1     1    2   0   14   6   2     1    0   0                                      14       0      59     452      0.124        0   0.0294
* 3   5   7   2     1    e   1   14   7   1     1    0   0   15   5  10     0    0   0          15       0      81     394       0.19        0   0.0352
* 3   5   9   2     1    e   1   14   5   2     0    0   0   15   5  10     0    0   0          15       0      32     422     0.0703        0    0.033
* 3   5  10   2     1    e   1   11   7   1     1    e   0   15   5  10     0    0   0          15       0     100     496      0.188        0   0.0282
* 3   5  10   2     1    e   1   10   9   1     1    e   1   15   6  10     0    0   0          19       0     159     542      0.272        0   0.0325
* 3   5  10   2     1    e   1   13   8   1     1    2   0   15   5  10     0    0   0          19       0     179     733      0.229        0   0.0243
* 3   5   7   2     1    e   1   13   5   0     1    2   0   15   6  10     0    0   0          20       0     146     522      0.259        0   0.0354
* 3   7   7   1     1    e   1   12   7   1     1    6   0   15   6  10     0    0   0          20       0     120     583      0.191        0   0.0318
* 3   5   7   2     1    e   1    9   7   1     1    e   1   15   5  10     0    0   0          22       0      92     561      0.151        0   0.0362
* 3   5   9   2     1    e   1    7   7   1     1    e   1   15   8  10     0    0   0          24       0     154     603      0.236        0   0.0367
* 3   9   8   2     1    e   1   15   5  10     0    0   0   15   6  10     0    0   0          26       0     288     670      0.397        0   0.0359
* 3   9   7   1     1    e   1    9   8   2     1    e   1   15   5  10     0    0   0          36       0     261     832      0.289        0   0.0398
* 1  11   5   2     1    2   0                                                                  36       0     181     918       0.19        0   0.0377
* 3   5  10   2     1    e   1   14   7   1     1    0   0   15   6  10     0    0   0          37       0     146     696      0.191        0   0.0485
* 3   5  10   2     1    e   1    9   7   1     1    e   1   15   5  10     0    0   0          38       0     219     794      0.253        0   0.0438
* 3   5   7   2     1    e   1   10   7   2     1    e   1   15   5  10     0    0   0          42       0     182     752       0.22        0   0.0508
* 3   5  10   2     1    e   1   14   5   2     1    0   0   15   6  10     0    0   0          43       0     123     627      0.176        0   0.0616
* 3  10   7   2     1    e   1   15   5  10     0    0   0   15   6  10     0    0   0          50       0     195     868      0.204        0   0.0523
* 3   5   7   2     1    e   1   15   6  10     0    0   0   15   8  10     0    0   0          56       0     127    1032      0.112        0   0.0494
* 2  10   8   1     1    e   1   15   6  10     0    0   0                                      78       0     271     954      0.257        0   0.0741
* 3  15   6  10     0    0   0   15   8  10     0    0   0   15  10  10     0    0   0         113       0     178    1088      0.142        0   0.0903

@85
* 3   5   7   2     1    e   1    8   8   2     1    e   1   10   6   2     1    6   0           0       0       3    1008    0.00286        0        0
* 2  10   7   3     1    e   1   10   8   3     1    e   1                                       0       0     102    1221     0.0819        0        0
* 3   8   8   2     1    e   1    9   7   2     1    e   1   10   7   2     1    e   0           3       0       1     763    0.00125        0  0.00376
* 2  13   8   1     1    2   0   13   9   1     1    2   0                                       4       0      20     506     0.0384        0  0.00769
* 3   9   7   2     1    e   1    9   8   2     1    e   1   14   6   2     1    0   0           4       0     255     566      0.429        0  0.00674
* 3   5   7   2     1    e   1    9   8   2     1    e   1   10   7   3     1    e   1           4       0       8     688     0.0111        0  0.00555
* 3   5   7   2     1    e   1    8   8   2     1    e   1   15   5   5     0    0   0           4       0       9     709     0.0121        0  0.00539
* 3   5  10  14     1    e   1    9   7   2     1    e   1   10  10   1     1    e   1           5       0      20     543      0.035        0  0.00876
* 3   7   7   2     1    e   1    9   8   2     1    e   1   12   7   1     1    6   0           5       0     218     561       0.37        0  0.00848
* 2   5   7   2     1    e   1   11   5   2     1    2   0                                       5       0       5     603    0.00806        0  0.00806
* 3  10   7   3     1    e   0   13   6   1     1    2   0   15   6  10     0    0   0           5       0     188     683      0.262        0  0.00698
* 3   9   7   2     1    e   1    9   8   2     1    e   1   13   6   1     1    2   0           5       0     364     830      0.418        0  0.00575
* 3   9   9   2     1    e   1   15   5   4     0    0   0   15   6  10     0    0   0           6       0     229     537      0.405        0   0.0106
* 3   5   7   2     1    e   1    8   8   2     1    e   1   15   5   4     0    0   0           6       0      10     786     0.0121        0  0.00727
* 3   9   7   2     1    e   1   10   7   3     1    e   1   13   5   2     1    2   0           6       0     510    1002      0.486        0  0.00571
* 3   5   7   2     1    e   1   10   7   3     1    e   1   13   6   1     1    2   0           7       0     152     596      0.242        0   0.0111
* 3   5   7   2     1    e   1   14   6   3     1    0   0   14   8   1     1    0   0           8       0      13     510     0.0241        0   0.0148
* 3   5   7   2     1    e   1    5  10  14     1    e   1   15   5   4     0    0   0           8       0      10     675     0.0141        0   0.0112
* 3  10   7   2     1    e   0   13   5   3     1    2   0   15   6  10     0    0   0           8       0     183     713      0.244        0   0.0107
* 3   9   7   2     1    e   1   10   7   3     1    e   1   13   5   3     1    2   0           9       0     495     962      0.489        0   0.0089
* 3   8   8   2     1    e   1   10   7   2     1    e   0   14   8   1     1    0   0          10       0      15     649     0.0219        0   0.0146
* 3   8   8   2     1    e   1   11   7   1     1    e   0   13   8   1     1    2   0          10       0      22     733     0.0284        0   0.0129
* 2   5   7   2     1    e   1    9   8   2     1    e   1                                      11       0      13    1091     0.0116        0  0.00978
* 3   5   7   2     1    e   1    8   8   2     1    e   1   11   7   1     1    e   0          12       0      14     721     0.0183        0   0.0157
* 3  15   6  10     0    0   0   15   8  10     0    0   0   15  10  10     0    0   0          12       0      17     866     0.0186        0   0.0131
* 3  14   6   3     1    0   0   14   8   1     1    0   0   15   8  10     0    0   0          13       0      58     548     0.0993        0   0.0222
* 3   5   7   2     1    e   1    8   8   2     1    e   1   14   8   1     1    0   0          14       0      13     971     0.0127        0   0.0136
* 3   5  10  14     1    e   1    8   8   2     1    e   1   13   8   1     1    2   0          14       0      29    1008     0.0272        0   0.0132
* 3   7   7   2     1    e   1   12   7   1     1    6   0   14   5   2     1    0   0          15       0     145     792      0.172        0   0.0178
* 2  11   7   1     1    e   0   14   5   2     1    0   0                                      15       0      78     835     0.0899        0   0.0173
* 3   5   7   2     1    e   1   14   5   2     1    0   0   14   7   0     1    0   0          16       0       9     608     0.0138        0   0.0246
* 1  14   6   3     1    0   0                                                                  16       0      40     659     0.0593        0   0.0237
* 2  14   6   2     1    0   0   15  10  10     0    0   0                                      16       0      65     850     0.0736        0   0.0181
* 1  15  10  10     0    0   0                                                                  17       0      16     692     0.0226        0    0.024
* 3   5   7   2     1    e   1    8   8   2     1    e   1   10   9   1     1    e   1          17       0       4     985    0.00383        0   0.0163
* 3   7   7   2     1    e   1    9   9   2     1    e   1   12   7   1     1    6   0          19       0     218     518       0.39        0    0.034
* 3  14   5   2     1    0   0   15   8  10     0    0   0   15  10  10     0    0   0          20       0      35     743      0.044        0   0.0252
* 2  10   7   3     1    e   1   14   5   2     1    0   0                                      20       0     187     766      0.233        0   0.0249
* 3   5   7   2     1    e   1    5  10  14     1    e   1   15  10  10     0    0   0          23       0      33     807     0.0382        0   0.0266
* 3   9   7   2     1    e   1   10   7   2     1    e   0   13   5   2     1    2   0          24       0     358    1102      0.305        0   0.0205
* 1  14   8   1     1    0   0                                                                  25       0     133     624      0.205        0   0.0385
* 3   5   7   2     1    e   1    8   8   2     1    e   1   13   6   1     1    2   0          26       0      10     570     0.0161        0   0.0419
* 3   5   7   2     1    e   1   14   5   2     1    0   0   14   6   3     1    0   0          32       0      24     878     0.0253        0   0.0338
* 3   5   7   2     1    e   1    8   8   2     1    e   1   13   5   2     1    2   0          32       0      10    1059     0.0088        0   0.0282
* 3   7   7   2     1    e   1   12   7   1     1    6   0   14   6   2     1    0   0          37       0     109    1022     0.0988        0   0.0335
* 3   5  10  14     1    e   1   10   7   3     1    e   1   14   8   1     1    0   0          37       0     288    1126      0.238        0   0.0305
* 3  10   7   3     1    e   1   10   8   3     1    e   1   13   5   2     1    2   0          52       0     136     910      0.136        0   0.0519
* 2  14   5   2     1    0   0   14   6   3     1    0   0                                      58       0     101    1163     0.0811        0   0.0466
* 2  15   8  10     0    0   0   15  10  10     0    0   0                                      62       0      62    1221     0.0474        0   0.0474

@86
* 1   9   8   2     1    e   1                                                                   2       0      58     387      0.149        0  0.00514
* 1  13   4   1     1    0   0                                                                   3       0      46     384      0.119        0  0.00775
* 2  14   5   2     1    0   0   15   5  10     0    0   0                                       4       0      33     380     0.0842        0   0.0102
* 3   5   7   2     1    e   1    9   8   2     1    e   1   10   7   2     1    e   1           4       0      31     438     0.0673        0  0.00869
* 2  10   7   2     1    e   1    9   7   2     1    e   1                                       7       0      24     373     0.0619        0   0.0181
* 3   5   7   2     1    e   1    9   7   2     1    e   1   10   7   3     1    e   1           7       0      11     409     0.0254        0   0.0162
* 2   5   7   2     1    e   1   14   5   3     1    0   0                                       8       0      53     489      0.105        0   0.0158
* 3   5   7   2     1    e   1    9   8   2     1    e   1   14   5   2     1    0   0           8       0     195     497      0.371        0   0.0152
* 2   9   8   2     1    e   1   14   5   2     1    0   0                                       9       0     195     389       0.48        0   0.0222
* 2   5   7   2     1    e   1   10   7   2     1    e   1                                      10       0      29     363     0.0762        0   0.0263
* 3   5   7   2     1    e   1   10   7   2     1    e   1   14   5   2     1    0   0          11       0      41     398     0.0962        0   0.0258
* 1  13   8   2     1    2   0                                                                  11       0      30     587     0.0502        0   0.0184
* 2   5   7   2     1    e   1   10   7   3     1    e   1                                      15       0      24     442     0.0515        0   0.0322
* 2  10   7   2     1    e   1   14   5   2     1    0   0                                      16       0      93     457      0.193        0   0.0332
* 2  10   7   2     1    e   1   14   5   3     1    0   0                                      16       0      65     473       0.13        0   0.0321
* 1  13   9   1     1    2   0                                                                  17       0      21     598     0.0341        0   0.0276
* 1  14   8   1     1    0   0                                                                  22       0      73     416      0.167        0   0.0502
* 1  14   5   3     1    0   0                                                                  24       0     108     505      0.204        0   0.0454
* 1  14   7   1     1    0   0                                                                  25       0     101     529      0.182        0   0.0451
* 2   7   7   2     1    e   1   15   8  10     0    0   0                                      29       0      65     615     0.0989        0   0.0441
* 2   7   7   2     1    e   1   12   7   1     1    6   0                                      33       0     109     554      0.182        0   0.0551
* 3   5   7   2     1    e   1   10   7   2     1    e   1   13   5   1     1    2   0          33       0      65     644     0.0922        0   0.0468
* 2  10   8   2     1    e   1   13   5   1     1    2   0                                      42       0     137     677      0.187        0   0.0572
* 3   7   7   2     1    e   1   12   7   1     1    6   0   14   5   2     1    0   0          49       0     149     719      0.186        0   0.0612

@87
* 3   5   7   2     1    e   1    8   8   1     1    e   1   10   7   2     1    e   1          13       0      20    1941    0.00983        0  0.00639
* 2   8   8   1     1    e   1   14   7   1     1    0   0                                      16       0      31    1872     0.0161        0  0.00831
* 2   5  10   2     1    e   1   10  10   1     1    e   1                                      22       0      11    1919    0.00555        0   0.0111
* 2  10  10   1     1    e   1   14   5   1     1    0   0                                      25       0     670    1740      0.372        0   0.0139
* 2   8   8   1     1    e   1   11   9   1     1    e   0                                      28       0      19    2078    0.00884        0    0.013
* 2   9   7   2     1    e   1   10  10   1     1    e   1                                      28       0       6    2106    0.00276        0   0.0129
* 2   9   7   2     1    e   1   14   6   2     1    0   0                                      29       0     455    1843      0.238        0   0.0152
* 1   7   7   2     1    e   1                                                                  30       0      17    1954    0.00857        0   0.0151
* 2   5   7   2     1    e   1   10   7   3     1    e   1                                      31       0      42    1888     0.0214        0   0.0158
* 2  10   8   2     1    e   1   13   5   1     1    2   0                                      37       0     253    1765      0.138        0   0.0201
* 2  10   7   2     1    e   1   14   5   1     1    0   0                                      41       0      99    1802     0.0526        0   0.0218
* 2   5  10   2     1    e   1   14   8   1     1    0   0                                      46       0      85    1984      0.041        0   0.0222
* 2   5  10   2     1    e   1   14   5   1     1    0   0                                      48       0     146    2030     0.0689        0   0.0226

@88
* 3   5  10   2     1    e   1   13   6   1     1    2   0    6   8   2     1    e   1           9       0      84    1687     0.0475        0  0.00509
* 2   8   8   1     1    e   1   10   8   2     1    e   1                                      11       0      29    1644     0.0172        0  0.00651
* 2  12   7   2     1    6   0    7   7   2     1    e   1                                      12       0      48    1675     0.0279        0  0.00697
* 3   5  10   2     1    e   1   12   7   1     1    6   0    7   7  10     1    e   1          13       0      33    1631     0.0193        0  0.00759
* 2  15   8  12     0    0   0    7   7   2     1    e   1                                      13       0      90    1769     0.0495        0  0.00715
* 3   7   7  10     1    e   1   15   8  10     0    0   0    5   9   2     1    e   1          20       0      59    1655     0.0338        0   0.0115
* 2  15   8  13     0    0   0    7   7   2     1    e   1                                      20       0      78    1782     0.0424        0   0.0109
* 3  12   7   1     1    6   0    7   7  10     1    e   1    5   9   2     1    e   1          22       0      42    1721     0.0231        0   0.0121
* 2   5   7   2     1    e   1   14   5   3     1    0   0                                      25       0      14    1696    0.00797        0   0.0142
* 3   5   7   2     1    e   1    9   8   2     1    e   1   14   5   2     1    0   0          26       0     667    1743      0.362        0   0.0141
