
@49
* 1   9  20   4     0    2   0                                                                 112       0       0       0          0        0        1

@56
* 1   9  16   6     0    6   0                                                                  16       0       0       0          0        0        1
* 1  10  21   4     0    2   0                                                                1143       0       0      16          0        0    0.986

@57
* 1  10  11   6     0    6   0                                                                1795       0       0      32          0        0    0.982

@58
* 1  10  12   7     0    6   0                                                                  25       0       0       3          0        0    0.893
* 1  10  12   6     0    6   0                                                                1300       0       0      28          0        0    0.979

@59
# 3  12 24  13 15  13 16                                                                         8       0       0       0          0        0     0.92
* 1  10  13   9     0    6   0                                                                   9       0       0       8          0        0    0.529
* 1  10  14   6     0    6   0                                                                 646       0       0      17          0        0    0.974

@60
* 1   9  11   1     0    4   0                                                                   9       0       0      30          0        0    0.231
* 1  10  15   9     0    6   0                                                                  28       0       0     136          0        0    0.171
# 2  11 21  13 15                                                                               97       0       0      39          0        0    0.656
* 1  10  16   6     0    6   0                                                                 929       0       0     164          0        0     0.85

@61
* 1  11   6   0     1    2   0                                                                   6       0       0       0          0        0        1
* 1  10   6   0     1    2   0                                                                1470       0       0       0          0        0        1

@62
* 1  11  11   7     0    0   0                                                                   0       0       0       0          0        0        0
* 1  11  10   9     0    0   0                                                                  40       0       0       0          0        0        1
* 1  11  11   6     0    0   0                                                                6331       0       0      40          0        0    0.994

@63
* 1  11  12   9     0    0   0                                                                   0       0       0      10          0        0        0
* 1  11  12   8     0    0   0                                                                   6       0       0      10          0        0    0.375
* 1  10   7   8     0    0   0                                                                 367       0       0      16          0        0    0.958
* 1  12  17   0     0    0   0                                                                5347       0       0     383          0        0    0.933

@64
* 1  11  14   0     0    0   0                                                                  15       0       0      52          0        0    0.224
* 1  10   8  11     0    0   0                                                                 102       0       0      67          0        0    0.604
* 1  10   9   8     0    0   0                                                                3350       0       0     169          0        0    0.952

@65
* 2   8  10  10     0    e   1    9   5  13     0    e   1                                       0       0       0      57          0        0        0
* 2  10   8  12     0    e   0   10  11   3     0    e   0                                       0       0       0      59          0        0        0
* 1   8  10  10     0    e   1                                                                   0       0       0      59          0        0        0
* 2  10   8  12     0    e   0   10  11   2     0    8   0                                       1       0       0      51          0        0   0.0188
* 2  10   8  13     0    e   0   10  11   3     0    e   0                                       2       0       0      52          0        0   0.0363
* 2  10   8  13     0    e   0   10  11   2     0    e   0                                       2       0       0      57          0        0   0.0332
* 1  11  15   9     0    0   0                                                                   3       0       0      54          0        0   0.0526
* 1  10  10  11     0    0   0                                                                  61       0       0      59          0        0    0.508

@67
* 1  12  12   6     0    0   0                                                                   0       0       0      27          0        0        0
* 1  11   6  11     0    0   0                                                                  42       0       0      27          0        0    0.609
* 1  11   7   8     0    0   0                                                                3482       0       0      69          0        0    0.981

@68
* 3   6   7   2     1    e   0   10   8  10     0    e   0   11   7  10     1    e   0           0       0       0       0          0        0        0
* 2  11   6   2     0    a   0   11   8   8     0    4   0                                       0       0       0       0          0        0        0
* 2   7   5   2    21    2   0    9   5   1    21    2   0                                       0       0       0       0          0        0        0
* 2   7   5   2    21    2   0   10   5  13     1    2   0                                       1       0       0       0          0        0     0.98
* 1   8   5   2    21    2   0                                                                   3       0       0       1          0        0     0.75
* 1   7   5   2    21    2   0                                                                  10       0       0       4          0        0    0.714
* 1  10   8  10     0    e   0                                                                  12       0       0      14          0        0    0.462
* 1  11   8  15     0    e   0                                                                 700       0       0      26          0        0    0.964
* 1  11   8   0     0    0   0                                                                5070       0       0     726          0        0    0.875

@69
* 2   8   5   2    21    2   0   10   5   0     1    2   0                                     255       0       0     898          0        0    0.217
* 1  10   5   0     1    2   0                                                                1573       0       0    1153          0        0    0.577

@70
* 2  11   9   2     0    4   0   11  10   8     0    4   0                                       1       0       0     241          0        0  0.00405
* 1  12  14   0     0    4   0                                                                   3       0       0     242          0        0   0.0122
* 1  11   9   9     0    e   0                                                                  50       0       0     245          0        0    0.169
* 1  11   9   8     0    e   0                                                                4862       0       0     295          0        0    0.943

@71
* 1  12   6  11     0    6   0                                                                   1       0       0       5          0        0    0.167
* 1  12   7   8     0    6   0                                                                 141       0       0       6          0        0    0.959
* 1  13  11   9     0    2   0                                                                6175       0       0     147          0        0    0.977

@72
* 3  11  10   8     0    4   0   12   9  10     0    4   0   12  10   4     0    6   0          25       0       0    1679          0        0   0.0141
* 3  11  10   8     0    4   0   12   7  11     0    6   0   12  10   8     0    4   0          27       0       0    1704          0        0    0.015
* 3  12   6  11     0    6   0   12   7  10     0    6   0   12   9  11     0    4   0          60       0       0    1619          0        0   0.0343
* 2  13  11  13     0    2   0   13  14   9     0    2   0                                     184       0       0    1731          0        0   0.0942
* 2  12   6  10     0    6   0   12  10   8     0    4   0                                     269       0       0    2408          0        0   0.0985
* 1  11   5  10     0    2   0                                                                 493       0       0    1915          0        0    0.205
* 1  12   9  11     0    6   0                                                                2955       0       0    2677          0        0    0.525

@73
* 2  13   6  10     0    2   0   14  11   0     0    0   0                                       0       0       1       2       0.49        0        0
* 1  13   7   9     0    2   0                                                                   7       0       0       2          0        0    0.778
* 1  13   6  11     0    2   0                                                                 257       0       0       9          0        0    0.966
* 1  13   7   8     0    2   0                                                               24319       0      16     266   0.000651        0    0.989

@74
* 3  11   7  11     0    8   0   13   8   8     0    0   0   14  13   9     0    0   0           0       0       0       2          0        0        0
* 3  12   6   7     0    6   0   13   8   8     0    0   0   13  11   5     0    2   0           0       0       0       2          0        0        0
* 3  13   7   6     0    2   0   13   8   9     0    0   0   14  13   1     0    0   0           0       0       0       3          0        0        0
* 2  13   6   5     0    2   0   14  13   8     0    0   0                                       0       0       0       3          0        0        0
* 2  13   7   6     0    0   0   13   8   8     0    0   0                                       0       0       0       3          0        0        0
* 3  12   6   6     0    6   0   12   7   7     0    6   0   13   7   7     0    0   0           0       0       0       3          0        0        0
* 1  11   6  10     0    e   0                                                                   0       0       0       3          0        0        0
* 3  12   6   7     0    6   0   13   6   5     0    2   0   13   8   9     0    0   0           1       0       0       2          0        0     0.32
* 2  13   6   4     0    2   0   13   8  12     0    2   0                                       1       0       0       5          0        0    0.163
* 2  13   6   4     0    2   0   13   8  13     0    2   0                                       1       0       0       6          0        0     0.14
* 3  13   7   6     0    2   0   13   8   8     0    0   0   14  13   2     0    0   0           1       0       0       7          0        0     0.12
* 2  12   7   6     0    6   0   13   8   9     0    0   0                                       1       0       0       8          0        0    0.109
* 1  14  13   0     0    0   0                                                                   2       0       0       3          0        0      0.4
* 2  12   7   7     0    6   0   13   8   9     0    0   0                                       4       0       0       9          0        0    0.302
* 2  13   6   4     0    2   0   13   8   8     0    0   0                                      20       0       0      36          0        0     0.35
* 2  13   6   5     0    2   0   13   8   8     0    0   0                                      23       0       0      13          0        0    0.626
* 1  13   8   3     0    2   0                                                                1067       0       0      56          0        0     0.95
* 1  13   8   2     0    2   0                                                               17188       0       0    1123          0        0    0.939

@75
* 3  13   8  13     0    2   0   13  10  12     0    2   0   14  13  12     0    0   0           3       0       0     112          0        0    0.025
* 3  12   6  11     0    6   0   13  10  11     0    2   0   13  11   9     0    2   0           3       0       0     119          0        0   0.0236
* 3  12   7  12     0    6   0   13   6  12     0    2   0   13  11  13     0    0   0           4       0       0     115          0        0   0.0323
* 3  12   6  11     0    4   0   12   7  12     0    6   0   13   6  13     0    2   0           5       0       0     137          0        0   0.0338
* 2  11   6  10     0    e   0   12   6  10     0    4   0                                       6       0       0     106          0        0   0.0525
* 3  12   6  11     0    4   0   12   7  13     0    6   0   13   6  13     0    2   0           6       0       0     150          0        0   0.0369
* 2  13   8  13     0    2   0   14  13  13     0    0   0                                       7       0       0     130          0        0   0.0501
* 2  13   8  13     0    2   0   14  13  12     0    0   0                                       8       0       0     122          0        0   0.0603
* 3  12   7  12     0    6   0   13   6  13     0    2   0   13  11  12     0    0   0           8       0       0     142          0        0   0.0512
* 1  14  16   6     0    0   0                                                                  12       0       0     156          0        0   0.0714
* 2  13   6  12     0    2   0   13  11  11     0    2   0                                      26       0       0     168          0        0    0.131
* 2  12   6  10     0    4   0   13   7  12     0    2   0                                      33       0       0     194          0        0    0.142
* 3  12   6  11     0    0   0   12   7  13     0    6   0   13   6  12     0    2   0          39       0       0     227          0        0    0.141
* 3  12   6  11     0    0   0   12   7  12     0    6   0   13   6  12     0    2   0          57       0       0     266          0        0    0.169
* 3  12   6  10     0    0   0   13   6  13     0    2   0   13   7  12     0    2   0          82       0       0     323          0        0    0.194
* 2  12   6  10     0    0   0   13   7  13     0    2   0                                     180       0       0     405          0        0    0.302
* 1  13  10  11     0    2   0                                                                 567       0       0     585          0        0    0.492
* 1  12   6  10     0    6   0                                                                6785       0       0    1152          0        0    0.855

@76
* 2  14   6   1     0    0   0   15  11   8     0    0   0                                       0       0       1       1       0.98        0        0
* 2  15  11   8     0    0   0   15  12   0     0    0   0                                       0       0       1       1       0.98        0        0
* 2  13   6  10     0    2   0   15  11   9     0    0   0                                       0       0       0       1          0        0        0
* 3  13   6  10     0    2   0   14   6   1     0    0   0   14  11   0     0    0   0           0       0       0       1          0        0        0
* 3  13   6  11     0    2   0   14   6   1     0    0   0   14  11   0     0    0   0           0       0       0       1          0        0        0
* 3  13   6  10     0    2   0   14   7   3     0    0   0   14  11   0     0    0   0           0       0       0       1          0        0        0
* 3  13   6  11     0    2   0   14   7   3     0    0   0   14  11   0     0    0   0           0       0       1       1       0.96        0        0
* 3  13   6  10     0    2   0   14   7   2     0    0   0   14  11   1     0    0   0           0       0       0       1          0        0        0
* 3  13   6  10     0    2   0   14   7   2     0    0   0   14  11   2     0    0   0           0       0       0       1          0        0        0
* 2  13   6  10     0    2   0   15  12   7     0    0   0                                       0       0       2       8      0.245        0        0
* 3  13   6  10     0    2   0   14   6   2     0    0   0   15  12   7     0    0   0           1       0       1       1       0.48        0     0.48
* 2  13   6  10     0    2   0   14   6   2     0    0   0                                       1       0       0       2          0        0    0.327
* 1  15  12  14     0    0   0                                                                   1       0       0       3          0        0     0.25
* 2  14   6  10     0    0   0   14   7   0     0    0   0                                       4       0       1       4      0.122        0     0.49
* 3  13   6  10     0    2   0   15  11   8     0    0   0   15  12   7     0    0   0           7       0       2       8      0.128        0    0.448
* 1  14   7   2     0    0   0                                                                  23       0       0      15          0        0    0.605
* 2  13   6  10     0    2   0   14   6   1     0    0   0                                      63       0       6      38     0.0582        0    0.611
* 1  15  11   9     0    0   0                                                                 181       0       0     101          0        0    0.642
* 1  14   7   0     0    0   0                                                                 250       0      44     282     0.0827        0     0.47
* 1  15  12   0     0    0   0                                                               11485       0      88     532    0.00732        0    0.956

@77
* 2  14   7   4     0    0   0   15  12   3     0    0   0                                       0       0       0       4          0        0        0
* 2  15  11  12     0    0   0   15  12   4     0    0   0                                       0       0       0       4          0        0        0
* 2  15  11  13     0    0   0   15  13  13     0    0   0                                       0       0       0       4          0        0        0
* 3  13   6  10     0    2   0   15  11  13     0    0   0   15  12   4     0    0   0           0       0       0       4          0        0        0
* 3  13   6  10     0    2   0   14   6  12     0    0   0   14   7   0     0    0   0           0       0       0       5          0        0        0
* 2  14   7   0     0    0   0   15  11  12     0    0   0                                       0       0       0       6          0        0        0
* 3  13   6  10     0    2   0   14   7   0     0    0   0   15  11  13     0    0   0           0       0       0       6          0        0        0
* 2  15  11  12     0    0   0   15  13  12     0    0   0                                       0       0       0       6          0        0        0
* 3  13   6  10     0    2   0   15  11  12     0    0   0   15  12   4     0    0   0           1       0       0       4          0        0    0.192
* 3  13   6  10     0    2   0   14   7   0     0    0   0   15  11  12     0    0   0           1       0       0       5          0        0     0.16
* 2  15  11  12     0    0   0   15  13  13     0    0   0                                       4       0       0       6          0        0    0.392
* 1  14   8   1     0    0   0                                                                  11       0       0      10          0        0    0.524
* 3  13   6  10     0    2   0   14   6  13     0    0   0   14   8  12     0    0   0          11       0       0      43          0        0    0.196
* 3  13   6  10     0    2   0   14   6  12     0    0   0   14   8  12     0    0   0          11       0       1      54     0.0148        0    0.162
* 3  14   7   5     0    0   0   14   8   1     0    0   0   15  12   3     0    0   0          22       0       0      21          0        0    0.491
* 3  13   6  10     0    2   0   14   6  13     0    0   0   14   8  13     0    0   0         169       0       0      65          0        0    0.693
* 3  13   6  10     0    2   0   14   6  12     0    0   0   14   8  13     0    0   0         171       0       2     234    0.00474        0    0.405
* 1  14   8   0     0    0   0                                                                 421       0       0     405          0        0     0.51
* 1  15  13   0     0    0   0                                                                9874       0       1     826   9.35e-05        0    0.923

@78
* 3  12   8  10     0    6   0   12   9  10     0    2   0   14   9   3     0    0   0           0       0       0      17          0        0        0
* 2  13   4  13     0    0   0   15  12  12     0    0   0                                       0       0       0      17          0        0        0
* 2  12   9  10     0    2   0   13   7  13     0    2   0                                       0       0       0      17          0        0        0
* 3  12   8  10     0    6   0   14   8  12     0    0   0   14   9   2     0    0   0           0       0       0      17          0        0        0
* 2  14   9   3     0    0   0   15  11  13     0    0   0                                       0       0       1      19     0.0516        0        0
* 3  13   4  12     0    0   0   14   7  12     0    0   0   15  11  12     0    0   0           0       0       0      19          0        0        0
* 1  14   9   2     0    0   0                                                                   0       0       0      19          0        0        0
* 2  12   8  10     0    6   0   13   6  13     0    2   0                                       0       0       0      19          0        0        0
* 3  13   4  12     0    0   0   15  11  13     0    0   0   15  12  12     0    0   0           0       0       0      19          0        0        0
* 2  12   8  10     0    6   0   13   4  11     0    0   0                                       0       0       0      19          0        0        0
* 3  13   4  13     0    0   0   14   7  13     0    0   0   15  11  13     0    0   0           0       0       0      19          0        0        0
* 2  12   9  10     0    2   0   13   6  12     0    2   0                                       0       0       0      19          0        0        0
* 3  12   8  10     0    0   0   13   4  12     0    0   0   14   8  12     0    0   0           0       0       0      20          0        0        0
* 3  13   4  12     0    0   0   15  11  13     0    0   0   15  12  13     0    0   0           0       0       0      20          0        0        0
* 2  13   4  12     0    0   0   15  11  13     0    0   0                                       0       0       0      20          0        0        0
* 3  13   4  12     0    0   0   14   7  13     0    0   0   15  11  12     0    0   0           0       0       0      21          0        0        0
* 2  12   9  10     0    0   0   13   6  13     0    2   0                                       0       0       0      21          0        0        0
* 2  14   7  12     0    0   0   14   9   3     0    0   0                                       0       0       0      28          0        0        0
* 2  14   9   3     0    0   0   15  11  12     0    0   0                                       0       0       1      31     0.0316        0        0
* 2  13   6  13     0    2   0   14   9   2     0    0   0                                       0       0       0      43          0        0        0
* 2  13   6  12     0    2   0   14   9   3     0    0   0                                       0       0       0      53          0        0        0
* 3  12   8  10     0    4   0   13   4  12     0    0   0   15  12  12     0    0   0           1       0       0      17          0        0   0.0533
* 3  12   8  10     0    4   0   13   4  10     0    0   0   14   8  13     0    0   0           1       0       0      18          0        0   0.0505
* 1  12   8  10     0    4   0                                                                   1       0       0      19          0        0     0.05
* 3  12   8  10     0    0   0   13   4  13     0    0   0   14   9   3     0    0   0           1       0       0      20          0        0   0.0457
* 1  12   8  10     0    6   0                                                                   1       0       0      28          0        0   0.0345
* 2  13   4  13     0    0   0   15  11  13     0    0   0                                       1       0       0      29          0        0   0.0327
* 2  13   4  13     0    0   0   15  11  12     0    0   0                                       1       0       0      30          0        0   0.0316
* 2  12   8  10     0    0   0   14   9   0     0    0   0                                       2       0       0      21          0        0   0.0852
* 3  13   6  12     0    2   0   14   7  12     0    0   0   14   9   2     0    0   0           2       0       0      51          0        0   0.0362
* 3  13   6  12     0    2   0   14   7  13     0    0   0   14   9   2     0    0   0           4       0       0      43          0        0   0.0817
* 2  13   6  13     0    2   0   14   9   3     0    0   0                                       4       0       0      47          0        0   0.0769
* 2  13   6  12     0    2   0   14   9   2     0    0   0                                       4       0       0      53          0        0   0.0688
* 2  12   8  10     0    0   0   12   9  10     0    4   0                                       5       0       0      23          0        0    0.175
* 3  13   6  13     0    2   0   14   7  12     0    0   0   14   9   2     0    0   0           5       0       0      38          0        0    0.112
* 1  12   9  10     0    6   0                                                                   7       0       0      31          0        0    0.184
* 2  13   4  12     0    0   0   14   7  12     0    0   0                                      53       0       0     174          0        0    0.229
* 2  13   4  12     0    0   0   14   7  13     0    0   0                                      75       0       0     227          0        0    0.243
* 2  13   4  13     0    0   0   14   7  13     0    0   0                                     111       0       0     421          0        0    0.204
* 1  13   4  11     0    0   0                                                                 117       0       0      57          0        0    0.672
* 2  13   4  13     0    0   0   14   7  12     0    0   0                                     119       0       0     302          0        0    0.277
* 1  13   4  10     0    0   0                                                                3473       0       0     532          0        0    0.867
* 1  14   9   0     0    0   0                                                               20915       0       0    4005          0        0    0.839

@79
* 3  12   8  13     1    2   0   12   9   2     1    2   0   14   8  13     0    0   0           0       0       0       0          0        0        0
* 3  12   8  13     1    2   0   12   9   2     1    2   0   13   4  12     0    0   0           0       0       0       0          0        0        0
* 2  10   9  10     1    e   0   15   6  10     0    0   0                                       0       0       0       0          0        0        0
* 2  11   9   2     1    6   0   14   6  10     0    0   0                                       0       0       0       0          0        0        0
* 3  14   8  13     0    0   0   14   9  12     0    0   0   15  13  12     0    0   0           0       0       0       0          0        0        0
* 2  10   9  11     1    e   0   11   9   1     1    6   0                                       0       0       0       0          0        0        0
* 3  12   8  13     1    2   0   13   4  13     0    0   0   15  13  12     0    0   0           0       0       0       0          0        0        0
* 2  10   9  11     1    e   0   12   8  13     1    2   0                                       0       0       0       0          0        0        0
* 2  11   9   1     1    6   0   15   6  10     0    0   0                                       0       0       0       0          0        0        0
* 3  14   6  10     0    0   0   15   6  11     0    0   0   15  11   9     0    0   0           0       0       0       0          0        0        0
* 3  10   9  11     1    e   0   11   9   1     1    6   0   12   8  12     1    2   0           0       0       0       0          0        0        0
* 1  12   9   1     1    2   0                                                                   0       0       0       0          0        0        0
* 3  11   9   2     1    6   0   12   9   1     1    2   0   14   6  10     0    0   0           0       0       0       0          0        0        0
* 3  10   9  11     1    e   0   13   4  13     0    0   0   14   9  13     0    0   0           0       0       0       0          0        0        0
* 1  10   9  11     1    e   0                                                                   0       0       0       0          0        0        0
* 3  10   9  11     1    e   0   13   4  13     0    0   0   14   9  12     0    0   0           0       0       0       0          0        0        0
* 2  10   9  11     1    e   0   14   6  10     0    0   0                                       0       0       0       0          0        0        0
* 2  11   9   1     1    6   0   12   8  13     1    2   0                                       0       0       0       0          0        0        0
* 3  10   8  10     1    e   0   13   4  13     0    0   0   14   9  13     0    0   0           0       0       0       0          0        0        0
* 1  10   8  10     1    e   0                                                                   0       0       0       0          0        0        0
* 3  11   9   1     1    6   0   13   4  13     0    0   0   14   9  13     0    0   0           0       0       0       0          0        0        0
* 3  13   4  13     0    0   0   14   7   1     0    0   0   14   9  13     0    0   0           0       0       0       0          0        0        0
* 1  10   8  11     1    e   0                                                                   0       0       0       0          0        0        0
* 3  10   9  10     1    e   0   13   4  13     0    0   0   14   9  13     0    0   0           0       0       0       0          0        0        0
* 2  10   8  10     1    e   0   14   6   2     0    0   0                                       0       0       0       1          0        0        0
* 3  13   4  12     0    0   0   14   6  10     0    0   0   14   9  13     0    0   0           0       0       0       1          0        0        0
* 3  14   7   1     0    0   0   15   6  11     0    0   0   15  11   9     0    0   0           0       0       0       1          0        0        0
* 3  10   8  11     1    e   0   11   9   1     1    6   0   12   9   1     1    2   0           0       0       0       1          0        0        0
* 2  11   9   1     1    6   0   12   8  12     1    2   0                                       0       0       0       1          0        0        0
* 3  11   9   1     1    6   0   14   6  10     0    0   0   15   6  10     0    0   0           0       0       0       3          0        0        0
* 3  13   4  12     0    0   0   14   6  10     0    0   0   14   9  12     0    0   0           0       0       1       5      0.192        0        0
* 1  10   9   2     1    e   0                                                                   0       0       1       6      0.167        0        0
* 3  11   9   1     1    6   0   12   8  13     1    2   0   15   6  10     0    0   0           0       0       2       6       0.32        0        0
* 3  13   4  13     0    0   0   14   6  10     0    0   0   14   9  12     0    0   0           0       0       2       6       0.32        0        0
* 3  10   9  10     1    e   0   13   4  13     0    0   0   14   9  12     0    0   0           1       0       0       0          0        0     0.96
* 3  11   9   1     1    6   0   13   4  13     0    0   0   14   9  12     0    0   0           1       0       1       1       0.48        0     0.48
* 2  12   9   1     1    2   0   14   6  10     0    0   0                                       1       0       0       2          0        0    0.327
* 3  14   7   1     0    0   0   15   7  12     0    0   0   15  11   9     0    0   0           1       0       1       5       0.16        0     0.16
* 3  13   4  12     0    0   0   14   7   1     0    0   0   14   9  13     0    0   0           2       0       0       3          0        0    0.384
* 1  14  10   0     0    0   0                                                                   3       0       3       6      0.333        0    0.333
* 1  15  11   8     0    0   0                                                                   3       0       2       9      0.167        0     0.25
* 1  11   9   1     1    6   0                                                                   9       0       5      12      0.238        0    0.429
* 1  15   7   9     0    0   0                                                                  49       0       1      21     0.0143        0      0.7
* 1  15   7   8     0    0   0                                                                1043       0      20      70      0.018        0    0.937
* 1  15   6  11     0    0   0                                                               53281       0     260    1113    0.00478        0     0.98

@80
* 3  11   5   2     1    2   0   12   6  12     1    2   0   13   9  10     0    2   0           0       0       0       1          0        0        0
* 3  13   5  12     0    2   0   14  11   0     0    0   0   15   7   0     0    0   0           0       0       0       1          0        0        0
* 1  12   6   2     1    2   0                                                                   0       0       0       1          0        0        0
* 2  13   6  13     0    2   0   15   7   2     0    0   0                                       0       0       0       1          0        0        0
* 3  13   5  13     0    2   0   15   6  13     0    0   0   15   7   0     0    0   0           0       0       0       1          0        0        0
* 3  10   6  12     1    6   0   12   6  12     1    2   0   14   6  10     0    0   0           0       0       0       1          0        0        0
* 1  11  12   1     1    e   0                                                                   0       0       1       1          1        0        0
* 2  14  11   0     0    0   0   15   7   0     0    0   0                                       0       0       0       1          0        0        0
* 2  13   5  13     0    2   0   15   6  13     0    0   0                                       0       0       0       1          0        0        0
* 3  14  11   0     0    0   0   15   6  13     0    0   0   15   7   1     0    0   0           0       0       0       1          0        0        0
* 3  13   5  12     0    2   0   15   7   1     0    0   0   15   9   8     0    0   0           0       0       0       1          0        0        0
* 2  13   6  13     0    2   0   15   7   0     0    0   0                                       0       0       0       1          0        0        0
* 3  13   5  13     0    2   0   14   6  10     0    0   0   15   6  12     0    0   0           0       0       0       1          0        0        0
* 2  13   9  10     0    2   0   15   7   0     0    0   0                                       0       0       1       1       0.98        0        0
* 3  13   9  11     0    2   0   14   7   6     0    0   0   15   7   0     0    0   0           0       0       0       1          0        0        0
* 3  14   6  10     0    0   0   15   8  12     0    0   0   15   9   9     0    0   0           0       0       0       2          0        0        0
* 2  15   6  12     0    0   0   15   8  13     0    0   0                                       0       0       1       2       0.49        0        0
* 3  12   6  12     1    2   0   13   6  12     0    2   0   15   8  13     0    0   0           0       0       0       2          0        0        0
* 3  13   5  12     0    2   0   13   6  12     0    2   0   15   7   0     0    0   0           0       0       0       2          0        0        0
* 3  12   6  13     1    2   0   14   6  10     0    0   0   15   7   0     0    0   0           0       0       0       2          0        0        0
* 3  13   5  12     0    2   0   14   6  10     0    0   0   15   8  13     0    0   0           0       0       0       2          0        0        0
* 2  12   6  13     1    2   0   13   5  13     0    2   0                                       0       0       0       2          0        0        0
* 3  12   6  12     1    2   0   13   5  13     0    2   0   14   6  10     0    0   0           0       0       0       2          0        0        0
* 3   7   7   2     1    e   1   13   6  12     0    2   0   15   7   1     0    0   0           0       0       0       2          0        0        0
* 2  15   8  10     0    0   0   15   9   9     0    0   0                                       0       0       0       3          0        0        0
* 3  11   5   2     1    2   0   11   5   2     1    2   0   13   5  12     0    2   0           0       0       0       3          0        0        0
* 2  13   6  12     0    2   0   15   7   0     0    0   0                                       0       0       0       6          0        0        0
* 3  13   5  12     0    2   0   14   6  10     0    0   0   15   8  12     0    0   0           0       0       1       7      0.137        0        0
* 3  12   6  13     1    2   0   13   5  12     0    2   0   14   6  10     0    0   0           1       0       0       1          0        0     0.48
* 3  14   6  10     0    0   0   15   6  12     0    0   0   15   8  12     0    0   0           1       0       0       2          0        0     0.32
* 3  13   5  13     0    2   0   15   7   0     0    0   0   15   8  12     0    0   0           1       0       0       3          0        0     0.24
* 3  13   5  12     0    2   0   15   6  13     0    0   0   15   9   8     0    0   0           1       0       0       6          0        0    0.137
* 1   7   7   2     1    e   1                                                                   2       0       1       4      0.167        0    0.333
* 3  13   5  13     0    2   0   15   6  13     0    0   0   15   9   8     0    0   0           2       0       0       7          0        0    0.213
* 3  14   6  10     0    0   0   15   6  12     0    0   0   15   9   9     0    0   0           4       0       0       9          0        0    0.295
* 2  13   5  13     0    2   0   15   7   0     0    0   0                                       4       0       1      13     0.0576        0    0.231
* 3  13   5  12     0    2   0   15   6  12     0    0   0   15   9   8     0    0   0           4       0       0      22          0        0    0.148
* 3  14   6  10     0    0   0   15   6  13     0    0   0   15   9   9     0    0   0           5       0       2      17     0.0873        0    0.218
* 1  13   5  13     0    2   0                                                                   5       0       2      26     0.0645        0    0.161
* 1  13   6  10     0    2   0                                                                  11       0       1      31     0.0238        0    0.262
* 2  15   6  12     0    0   0   15   9   8     0    0   0                                      40       0       2      42     0.0239        0    0.478
* 2  15   6  13     0    0   0   15   9   8     0    0   0                                      47       0       2      82     0.0152        0    0.357
* 2  14   6  10     0    0   0   15   9   9     0    0   0                                      67       0       3     129      0.015        0    0.335
* 2  15   7   2     0    0   0   15   9   8     0    0   0                                     196       0      56     196       0.14        0     0.49
* 1   7   8   2     1    e   1                                                                 497       0       1     392    0.00112        0    0.559
* 1  15   8  11     0    0   0                                                                2372       0       2     889   0.000613        0    0.727
* 1  15   9   8     0    0   0                                                               51268       0      42    3261    0.00077        0     0.94

@81
* 3   7   8   2     1    e   1   10   6   3     1    6   0   14   7   3     1    0   0           0       0       0      47          0        0        0
* 3  13   6  11     0    2   0   15   7   8     0    0   0   15  11   8     0    0   0           0       0       0      47          0        0        0
* 3   7   8   2     1    e   1   10   6   3     1    6   0   14   5  13     0    0   0           0       0       0      47          0        0        0
* 4  10   6   3     1    6   0   13   5  13     0    2   0   13   6  10     0    2   0   15   7   0     0    0   0           0       0      45      47        0.9        0        0
* 1   8   5   2    21    2   0                                                                   0       0       0      47          0        0        0
* 2  15   6  11     0    0   0   15  11   8     0    0   0                                       0       0       0      47          0        0        0
* 3   9   8   1     1    e   0   14   5  13     1    0   0   14   6  10     0    0   0           0       0      12      47      0.245        0        0
* 3  11   5   2     1    2   0   13   6  10     0    2   0   14   5  13     0    0   0           0       0       6      47      0.123        0        0
* 2  12   9   1     1    6   0   14   5  13     0    0   0                                       0       0      14      47      0.292        0        0
* 4  15   6  11     0    0   0   15   7   2     0    0   0   15   8  11     0    0   0   15   9   8     0    0   0           0       0      30      49      0.576        0        0
* 3   7   8   2     1    e   1    9   8   1     1    e   0   13   6  10     0    2   0           0       0       0      54          0        0        0
* 3  12   9   1     1    6   0   13   4   5     1    0   0   14   5  12     1    0   0           0       0      12      54      0.213        0        0
* 2  13   6  10     0    2   0   15   7   8     0    0   0                                       1       0       3      49     0.0588        0   0.0196
* 4  13   5  13     0    2   0   13   6  10     0    2   0   14   5  13     0    0   0   15   7   0     0    0   0           1       0       2      54     0.0342        0   0.0171
* 3   9   7   2     1    e   0   15   8  11     0    0   0   15   9   8     0    0   0           1       0      26      55      0.446        0   0.0171
* 3   7   8   2     1    e   1   13   9  10     0    2   0   15   6  11     0    0   0           2       0       5      47      0.098        0   0.0392
* 2  12   8   3     1    6   0   15   8  11     0    0   0                                       2       0      31      56      0.524        0   0.0338
* 3   7   8   2     1    e   1    9   7   2     1    e   0   13   5  13     0    2   0           2       0      22      64       0.32        0   0.0291
* 4  13   5  13     0    2   0   14   6  10     0    0   0   15   7   0     0    0   0   15   8  11     0    0   0           2       0       7     104     0.0621        0   0.0177
* 3  13   6  10     0    2   0   14   5  12     1    0   0   15   7   9     0    0   0           4       0       4      50     0.0711        0   0.0711
* 4  13   6  10     0    2   0   15   7   2     0    0   0   15   8  11     0    0   0   15   9   8     0    0   0           6       0       8      58      0.117        0   0.0881
* 2  15   8  11     0    0   0   15   9   8     0    0   0                                       8       0      44      66      0.583        0    0.106
* 1  13   6  10     0    2   0                                                                  16       0       4     106     0.0328        0    0.131
* 2  14   5  13     0    0   0   15   6  11     0    0   0                                      27       0       6     274     0.0195        0   0.0879
* 2  13   6  10     0    2   0   15   9   8     0    0   0                                      28       0       7     122     0.0457        0    0.183
* 3  10   8   0     1    e   1   14   6  10     0    0   0   15   8  11     0    0   0          28       0      43     183      0.196        0    0.127
* 3  13   6  10     0    2   0   15   7   2     0    0   0   15   9   8     0    0   0          30       0       2      74     0.0185        0    0.277
* 3  13   6  10     0    2   0   14   6  10     0    0   0   15   7   9     0    0   0          30       0      24     211     0.0956        0     0.12
* 3   7   8   2     1    e   1   14   6  10     0    0   0   14  10  11     0    0   0          33       0       4     150      0.021        0    0.173
* 2  13   6  10     0    2   0   14   6  10     0    0   0                                      33       0      13     241     0.0465        0    0.118
* 2  13   5  12     1    2   0   14   6  10     0    0   0                                      47       0       2     301    0.00563        0    0.132
* 4  13   6  10     0    2   0   15   7   2     0    0   0   15   9   8     0    0   0   15  11   8     0    0   0          58       0      47     423     0.0919        0    0.113
* 3  13   6  10     0    2   0   15   9   8     0    0   0   15  11   8     0    0   0          75       0      41     348      0.093        0     0.17
* 3  13   5  13     1    2   0   14   5  12     1    0   0   14   6  10     0    0   0          88       0       3     481    0.00506        0    0.148
* 3  14   6  10     0    0   0   15   6  11     0    0   0   15   8  11     0    0   0          95       0      36     569      0.052        0    0.137
* 3  10   8   0     1    e   1   13   5  12     0    2   0   14   6  10     0    0   0         169       0     159     664      0.183        0    0.195
* 3  13   5  12     1    2   0   14   6  10     0    0   0   15   6  11     0    0   0         471       0     157     833      0.116        0    0.347
* 1  14   5  13     0    0   0                                                                1165       0       0    1304          0        0    0.472
* 3  13   5  13     1    2   0   14   6  10     0    0   0   15   6  11     0    0   0        2643       0     881    2469      0.165        0    0.496
* 1  14   6  10     0    0   0                                                                6317       0       9    5112   0.000787        0    0.553
* 1  15  11   8     0    0   0                                                               42376       0       6   11429   0.000112        0    0.788

@82
* 1  11   5   2     1    2   0                                                                   0       0       2      16      0.125        0        0
* 1  13   9  10     0    2   0                                                                   0       0       0      16          0        0        0
* 1  10  10   1     1    e   0                                                                   0       0       2      16      0.125        0        0
* 1  14   7   0     1    0   0                                                                   0       0       7      16      0.438        0        0
* 1  12   8  10     0    6   0                                                                   0       0       1      16     0.0625        0        0
* 1   9   7   2     1    e   0                                                                   0       0       6      18      0.333        0        0
* 1  14   8   1     1    0   0                                                                   0       0       9      18        0.5        0        0
* 1  10  10   1     1    e   1                                                                   0       0      11      27      0.407        0        0
* 1   9  11   1     1    e   1                                                                   0       0       5      37      0.135        0        0
* 1  10   8   3     1    e   1                                                                   1       0       1      16     0.0588        0   0.0588
* 2   5   7   2     1    e   1   14   7   1     1    0   0                                       1       0       7      17      0.381        0   0.0544
* 1  13   6  10     0    2   0                                                                   2       0       2      21      0.087        0    0.087
* 1  11  12   1     1    e   0                                                                   2       0       3      23       0.12        0     0.08
* 1  11   6   2     1    2   0                                                                   2       0      14      25      0.519        0   0.0741
* 1  12   6   3     1    2   0                                                                   2       0      11      65      0.164        0   0.0299
* 1   9   8   2     1    e   1                                                                   2       0      25      90      0.272        0   0.0217
* 1  12   7   1     1    6   0                                                                   3       0       7      18      0.333        0    0.143
* 1  14   5  12     0    0   0                                                                   3       0      11      27      0.367        0      0.1
* 2   9   7   2     1    e   1   10   8   2     1    e   1                                       3       0       1     113    0.00845        0   0.0253
* 1  15   6  10     0    0   0                                                                   4       0      30      37      0.732        0   0.0976
* 1  13   5  12     0    2   0                                                                   5       0      18      67       0.25        0   0.0694
* 1  13   9   1     1    2   0                                                                   6       0      22     116       0.18        0   0.0492
* 2   5   7   2     1    e   1   14   6   2     1    0   0                                       7       0      16      30      0.424        0    0.185
* 1  13   5   3     1    2   0                                                                   7       0      20      58      0.308        0    0.108
* 1  13   8   0     1    2   0                                                                   7       0      11      83      0.122        0   0.0778
* 1  14  10   0     0    0   0                                                                   8       0      16     105      0.142        0   0.0708
* 2   8   8   1     1    e   1   13   8   0     1    2   0                                      11       0       5      72      0.059        0     0.13
* 1  11   7   1     1    e   0                                                                  12       0      73     137       0.49        0   0.0805
* 1  12   9   1     1    6   0                                                                  13       0       8      92     0.0762        0    0.124
* 1  14   6   3     1    0   0                                                                  15       0      54     122      0.394        0    0.109
* 2   5   7   2     1    e   1   13   8   0     1    2   0                                      15       0      25     149      0.149        0   0.0896
* 1  10   8   1     1    e   0                                                                  17       0       1      41     0.0172        0    0.293
* 1  14   5   0     1    0   0                                                                  18       0     184     207      0.818        0     0.08
* 1   9   7   2     1    e   1                                                                  43       0      61     164      0.295        0    0.208
* 1  13   5   2     1    2   0                                                                  47       0     191     306      0.541        0    0.133
* 1  13   4   1     1    0   0                                                                  81       0     100     225      0.327        0    0.265
* 1   9   8   3     1    e   1                                                                  83       0     274     557      0.428        0     0.13
* 2   5   7   2     1    e   1   14   6   3     1    0   0                                      98       0     184     353        0.4        0    0.213
* 1  14   6   2     1    0   0                                                                 106       0     318     451      0.571        0     0.19
* 1  15   8  10     0    0   0                                                                 175       0     528     640      0.648        0    0.215
* 2   5   7   2     1    e   1    9   8   2     1    e   1                                     212       0     706    1550      0.393        0    0.118
* 1   9   9   1     1    e   1                                                                 348       0     386     815      0.332        0    0.299
* 2   8   8   1     1    e   1   13   8   2     1    2   0                                     387       0      92    1163     0.0582        0    0.245
* 1  10   7  12     1    e   0                                                                 433       0     717    1762      0.327        0    0.197
* 1  11   9   1     1    e   0                                                                1740       0     293    2195     0.0745        0    0.442
* 2   9   8   2     1    e   1   10   8   2     1    e   1                                    2880       0    1242    3935      0.179        0    0.414
* 1  13   5   1     1    0   0                                                                4061       0    3964    6815      0.364        0    0.373
* 1  14   7   1     1    0   0                                                                8128       0    9010   10876      0.474        0    0.428
* 1  15  10  10     0    0   0                                                                8770       0   10200   19004      0.367        0    0.316
* 1   5   7   2     1    e   1                                                               25961       0   26970   27774      0.502        0    0.483

@83
* 1  11   6   1     1    6   0                                                                   0       0      32     104      0.308        0        0
* 1   9   7   1     1    e   1                                                                   0       0      58     104      0.558        0        0
* 2  11   6   1     1    6   0   11   7   1     1    e   0                                       1       0      13     104      0.121        0  0.00933
* 2   9   8   1     1    e   1   10   6   2     1    6   0                                       1       0       0     128          0        0   0.0076
* 2   9   7   1     1    e   1   11   5   2     1    2   0                                       1       0      14     129      0.106        0  0.00754
* 2  11   5   2     1    2   0   11   6   1     1    6   0                                       1       0      15     167     0.0875        0  0.00583
* 2  10   9   2     1    e   0   14   8   1     1    0   0                                       2       0      62     126      0.475        0   0.0153
* 3   9   7   1     1    e   1   10  10   1     1    e   0   11   7   1     1    e   0           3       0       6     123     0.0457        0   0.0229
* 3   9   7   1     1    e   1    9   8   1     1    e   1    9   9   1     1    e   1           4       0      47     119      0.367        0   0.0312
* 3   9   8   1     1    e   1    9   9   1     1    e   1   13   5   0     1    2   0           5       0      40     130      0.284        0   0.0356
* 2  11   7   1     1    e   0   14   8   1     1    0   0                                       5       0      42     162      0.246        0   0.0293
* 3   9   8   1     1    e   1    9   9   1     1    e   1   11   9   1     1    e   0           6       0      14     113      0.113        0   0.0484
* 3   9   9   1     1    e   1   11   7   1     1    e   0   14   8   1     1    0   0           8       0      26     105      0.221        0    0.068
* 2   9   9   1     1    e   1   14   8   1     1    0   0                                       9       0      39     135      0.265        0   0.0612
* 2  13   5   0     1    2   0   14   8   1     1    0   0                                       9       0      35     144      0.224        0   0.0576
* 3  11   7   1     1    e   0   11   9   1     1    e   0   14   8   1     1    0   0           9       0      15     153     0.0889        0   0.0533
* 2   9   8   1     1    e   1   13   4   1     1    0   0                                       9       0      29     168      0.161        0   0.0498
* 2  11   6   1     1    6   0   13   4   1     1    0   0                                      10       0      18     194     0.0865        0    0.048
* 1   9   9   1     1    e   1                                                                  17       0      48     177      0.247        0   0.0876
* 2   9   8   1     1    e   1   11   6   1     1    6   0                                      37       0      25     204      0.102        0     0.15

@84
* 1  10   8   1     1    e   1                                                                   2       0      34     345      0.098        0  0.00576
* 2  13   5   0     1    2   0   14   7   1     1    0   0                                       4       0      62     295      0.203        0   0.0131
* 2   9   9   1     1    e   1   15   5  10     0    0   0                                       4       0      62     299      0.201        0   0.0129
* 3  13   6   1     1    2   0   13   8   1     1    2   0   13   9   1     1    2   0           4       0      25     347     0.0684        0   0.0109
* 3   5   7   2     1    e   1   15   5  10     0    0   0   15   6  10     0    0   0           5       0      23     303     0.0717        0   0.0156
* 2  13   6   1     1    2   0   15   6  10     0    0   0                                       6       0      23     308     0.0718        0   0.0187
* 3   5   7   2     1    e   1   10   7   2     1    e   1   14   5   2     1    0   0           7       0      79     314      0.236        0   0.0209
* 3   5   7   2     1    e   1    9   8   2     1    e   1   10   7   2     1    e   0           7       0      37     398     0.0877        0   0.0166
* 2   5   7   2     1    e   1   13   5   0     1    2   0                                       8       0      62     287      0.206        0   0.0266
* 3   5   9   2     1    e   1   14   5   2     0    0   0   15   5  10     0    0   0           8       0      33     382     0.0812        0   0.0197
* 3   5   7   2     1    e   1   14   5   2     1    0   0   14   7   1     1    0   0           8       0      85     390      0.205        0   0.0193
* 3   5   7   2     1    e   1    9   7   1     1    e   1    9   8   2     1    e   1           8       0      99     479      0.195        0   0.0158
* 3   5  10   2     1    e   1   11   7   1     1    e   0   15   5  10     0    0   0          10       0      78     469      0.156        0     0.02
* 3   5  10   2     1    e   1   14   6   2     1    0   0   15   5  10     0    0   0          11       0      85     334      0.237        0   0.0306
* 3   5   7   2     1    e   1    9   7   1     1    e   1   14   5   2     1    0   0          11       0     110     423      0.243        0   0.0243
* 3  10   8   1     1    e   1   14   7   1     1    0   0   15   5  10     0    0   0          12       0      82     370      0.206        0   0.0302
* 3   5  10   2     1    e   1   10   9   1     1    e   1   15   6  10     0    0   0          12       0     147     507      0.272        0   0.0222
* 3   5   7   2     1    e   1   13   5   0     1    2   0   14   6   2     1    0   0          13       0      64     321      0.184        0   0.0374
* 3   9   7   1     1    e   1   13   5   0     1    2   0   15   5  10     0    0   0          14       0     163     434      0.349        0     0.03
* 2  13   8   1     1    2   0   14   6   2     1    0   0                                      18       0      52     405       0.12        0   0.0417
* 3   7   7   1     1    e   1   12   7   1     1    6   0   15   6  10     0    0   0          18       0     135     538      0.233        0   0.0311
* 3   5   7   2     1    e   1   14   7   1     1    0   0   15   5  10     0    0   0          19       0      63     351      0.163        0   0.0493
* 3   5   7   2     1    e   1    9   7   1     1    e   1   15   5  10     0    0   0          19       0      99     519      0.177        0   0.0339
* 3   5   7   2     1    e   1   13   5   0     1    2   0   15   6  10     0    0   0          20       0     159     487      0.301        0   0.0379
* 3   5  10   2     1    e   1   13   8   1     1    2   0   15   5  10     0    0   0          20       0     149     715      0.195        0   0.0261
* 2   5   7   2     1    e   1   15   6  10     0    0   0                                      21       0      43     448     0.0899        0   0.0439
* 3   9   8   2     1    e   1   15   5  10     0    0   0   15   6  10     0    0   0          23       0     273     647      0.391        0    0.033
* 3   5   7   2     1    e   1   10   7   2     1    e   1   15   5  10     0    0   0          32       0     170     735      0.213        0   0.0401
* 3   5  10   2     1    e   1    9   7   1     1    e   1   15   5  10     0    0   0          39       0     213     767      0.254        0   0.0465
* 1  11   5   2     1    2   0                                                                  39       0     205     910      0.216        0   0.0411
* 3   5  10   2     1    e   1   14   5   2     1    0   0   15   6  10     0    0   0          44       0     134     603      0.199        0   0.0653
* 3   5  10   2     1    e   1   14   7   1     1    0   0   15   6  10     0    0   0          45       0     148     670      0.199        0   0.0604
* 3   5   9   2     1    e   1    7   7   1     1    e   1   15   8  10     0    0   0          47       0     157     556       0.25        0   0.0748
* 3  10   7   2     1    e   1   15   5  10     0    0   0   15   6  10     0    0   0          49       0     194     861      0.205        0   0.0517
* 3   9   7   1     1    e   1    9   8   2     1    e   1   15   5  10     0    0   0          55       0     237     806      0.264        0   0.0613
* 2  10   8   1     1    e   1   15   6  10     0    0   0                                      67       0     268     949      0.259        0   0.0646
* 3   5   7   2     1    e   1   15   6  10     0    0   0   15   8  10     0    0   0          78       0     141    1016      0.124        0   0.0684
* 3  15   6  10     0    0   0   15   8  10     0    0   0   15  10  10     0    0   0          84       0     179    1094      0.146        0   0.0685

@85
* 3   8   8   2     1    e   1    9   7   2     1    e   1   10   7   2     1    e   0           1       0       1     761    0.00126        0  0.00126
* 2  13   8   1     1    2   0   13   9   1     1    2   0                                       2       0      18     514     0.0342        0   0.0038
* 3   5  10  14     1    e   1    9   7   2     1    e   1   10  10   1     1    e   1           2       0      15     535     0.0268        0  0.00358
* 3   9   7   2     1    e   1    9   8   2     1    e   1   13   6   1     1    2   0           2       0     341     810      0.403        0  0.00236
* 3   5   7   2     1    e   1    8   8   2     1    e   1   15   5   4     0    0   0           3       0       1     772    0.00124        0  0.00372
* 3   5   7   2     1    e   1    8   8   2     1    e   1   10   6   2     1    6   0           3       0       0    1039          0        0  0.00276
* 3   9   9   2     1    e   1   15   5   4     0    0   0   15   6  10     0    0   0           4       0     256     531      0.459        0  0.00718
* 3   5   7   2     1    e   1    8   8   2     1    e   1   15   5   5     0    0   0           4       0       3     695    0.00412        0  0.00549
* 3   7   7   2     1    e   1    9   9   2     1    e   1   12   7   1     1    6   0           5       0     256     526      0.463        0  0.00904
* 3   9   7   2     1    e   1    9   8   2     1    e   1   14   6   2     1    0   0           5       0     256     556      0.438        0  0.00856
* 3   5   7   2     1    e   1    9   8   2     1    e   1   10   7   3     1    e   1           5       0      15     673     0.0212        0  0.00708
* 2  10   7   3     1    e   1   10   8   3     1    e   1                                       5       0      94    1242     0.0739        0  0.00393
* 3   5   7   2     1    e   1   10   7   3     1    e   1   13   6   1     1    2   0           7       0     161     581      0.263        0   0.0114
* 3  14   6   3     1    0   0   14   8   1     1    0   0   15   8  10     0    0   0           8       0      55     537     0.0969        0   0.0141
* 3   8   8   2     1    e   1   10   7   2     1    e   0   14   8   1     1    0   0           8       0      14     638     0.0208        0   0.0119
* 1  14   6   3     1    0   0                                                                   8       0      40     646     0.0612        0   0.0122
* 3   5   7   2     1    e   1    5  10  14     1    e   1   15   5   4     0    0   0           8       0      14     654     0.0203        0   0.0116
* 2   5   7   2     1    e   1   11   5   2     1    2   0                                       9       0       2     588    0.00328        0   0.0148
* 3   9   7   2     1    e   1   10   7   3     1    e   1   13   5   2     1    2   0           9       0     498    1030       0.46        0  0.00832
* 3   5   7   2     1    e   1   14   6   3     1    0   0   14   8   1     1    0   0          10       0       4     516     0.0073        0   0.0183
* 3  10   7   2     1    e   0   13   5   3     1    2   0   15   6  10     0    0   0          10       0     197     699      0.267        0   0.0135
* 2  10   7   3     1    e   1   14   5   2     1    0   0                                      10       0     196     762      0.249        0   0.0127
* 2  11   7   1     1    e   0   14   5   2     1    0   0                                      10       0      63     812     0.0751        0   0.0119
* 3   7   7   2     1    e   1    9   8   2     1    e   1   12   7   1     1    6   0          11       0     207     545      0.357        0    0.019
* 3  10   7   3     1    e   0   13   6   1     1    2   0   15   6  10     0    0   0          11       0     191     662      0.272        0   0.0157
* 3   5   7   2     1    e   1   14   5   2     1    0   0   14   7   0     1    0   0          14       0       7     597      0.011        0    0.022
* 3   7   7   2     1    e   1   12   7   1     1    6   0   14   5   2     1    0   0          14       0     140     775       0.17        0    0.017
* 3   8   8   2     1    e   1   11   7   1     1    e   0   13   8   1     1    2   0          15       0      14     727     0.0181        0   0.0194
* 3   5  10  14     1    e   1    8   8   2     1    e   1   13   8   1     1    2   0          15       0      17    1042     0.0154        0   0.0136
* 1  15  10  10     0    0   0                                                                  17       0      17     678     0.0245        0   0.0245
* 3   5   7   2     1    e   1    8   8   2     1    e   1   11   7   1     1    e   0          18       0      12     709     0.0158        0   0.0238
* 3  14   5   2     1    0   0   15   8  10     0    0   0   15  10  10     0    0   0          19       0      30     742     0.0378        0    0.024
* 3  15   6  10     0    0   0   15   8  10     0    0   0   15  10  10     0    0   0          19       0      22     853     0.0242        0   0.0209
* 3   9   7   2     1    e   1   10   7   3     1    e   1   13   5   3     1    2   0          19       0     489     965      0.477        0   0.0185
* 3   5   7   2     1    e   1    8   8   2     1    e   1   10   9   1     1    e   1          19       0       4    1011    0.00373        0   0.0177
* 2   5   7   2     1    e   1    9   8   2     1    e   1                                      19       0      22    1119     0.0189        0   0.0164
* 3   9   7   2     1    e   1   10   7   2     1    e   0   13   5   2     1    2   0          19       0     373    1138      0.309        0   0.0158
* 3   5   7   2     1    e   1    8   8   2     1    e   1   13   6   1     1    2   0          20       0       5     561    0.00826        0    0.033
* 3   5   7   2     1    e   1    5  10  14     1    e   1   15  10  10     0    0   0          21       0      23     789     0.0273        0   0.0249
* 3   5  10  14     1    e   1   10   7   3     1    e   1   14   8   1     1    0   0          23       0     311    1157      0.253        0   0.0187
* 1  14   8   1     1    0   0                                                                  27       0     118     611      0.185        0   0.0423
* 3   5   7   2     1    e   1    8   8   2     1    e   1   14   8   1     1    0   0          27       0      10     984     0.0095        0   0.0256
* 3   5   7   2     1    e   1    8   8   2     1    e   1   13   5   2     1    2   0          27       0      10    1092    0.00858        0   0.0232
* 2  14   6   2     1    0   0   15  10  10     0    0   0                                      31       0      53     822     0.0609        0   0.0356
* 3   7   7   2     1    e   1   12   7   1     1    6   0   14   6   2     1    0   0          35       0     134    1057      0.118        0   0.0308
* 3   5   7   2     1    e   1   14   5   2     1    0   0   14   6   3     1    0   0          36       0      20     872     0.0211        0   0.0381
* 3  10   7   3     1    e   1   10   8   3     1    e   1   13   5   2     1    2   0          57       0     124     908      0.123        0   0.0567
* 2  15   8  10     0    0   0   15  10  10     0    0   0                                      60       0      57    1247     0.0427        0    0.045
* 2  14   5   2     1    0   0   14   6   3     1    0   0                                      62       0      89    1180     0.0702        0   0.0489

@86
* 3   5   7   2     1    e   1    9   7   2     1    e   1   10   7   3     1    e   1           1       0      15     399      0.036        0   0.0024
* 1  13   4   1     1    0   0                                                                   2       0      34     367     0.0921        0  0.00542
* 1   9   8   2     1    e   1                                                                   4       0      45     369      0.121        0   0.0107
* 1  13   8   2     1    2   0                                                                   4       0      29     557     0.0517        0  0.00713
* 2  10   7   2     1    e   1    9   7   2     1    e   1                                       5       0      19     357     0.0514        0   0.0135
* 2  14   5   2     1    0   0   15   5  10     0    0   0                                       5       0      59     362      0.158        0   0.0134
* 3   5   7   2     1    e   1    9   8   2     1    e   1   10   7   2     1    e   1           5       0      24     431     0.0528        0    0.011
* 3   5   7   2     1    e   1    9   8   2     1    e   1   14   5   2     1    0   0           7       0     204     478      0.404        0   0.0139
* 2  10   7   2     1    e   1   14   5   3     1    0   0                                       8       0      58     462      0.121        0   0.0167
* 2   5   7   2     1    e   1   14   5   3     1    0   0                                       8       0      43     470     0.0882        0   0.0164
* 2   5   7   2     1    e   1   10   7   2     1    e   1                                      10       0      41     347      0.113        0   0.0275
* 2   9   8   2     1    e   1   14   5   2     1    0   0                                      10       0     191     373      0.489        0   0.0256
* 2   5   7   2     1    e   1   10   7   3     1    e   1                                      13       0      28     436     0.0611        0   0.0284
* 2  10   7   2     1    e   1   14   5   2     1    0   0                                      13       0      77     449      0.163        0   0.0276
* 1  13   9   1     1    2   0                                                                  13       0      17     561     0.0296        0   0.0226
* 1  14   5   3     1    0   0                                                                  15       0      73     485      0.146        0     0.03
* 3   5   7   2     1    e   1   10   7   2     1    e   1   14   5   2     1    0   0          16       0      39     383     0.0938        0   0.0385
* 1  14   7   1     1    0   0                                                                  26       0      82     500      0.156        0   0.0494
* 2   7   7   2     1    e   1   15   8  10     0    0   0                                      26       0      50     574     0.0817        0   0.0425
* 3   5   7   2     1    e   1   10   7   2     1    e   1   13   5   1     1    2   0          26       0      59     600     0.0905        0   0.0399
* 1  14   8   1     1    0   0                                                                  31       0      89     400      0.206        0   0.0719
* 2   7   7   2     1    e   1   12   7   1     1    6   0                                      31       0     114     526      0.201        0   0.0545
* 2  10   8   2     1    e   1   13   5   1     1    2   0                                      32       0     134     626        0.2        0   0.0477
* 3   7   7   2     1    e   1   12   7   1     1    6   0   14   5   2     1    0   0          35       0     137     658       0.19        0   0.0485

@87
* 2   8   8   1     1    e   1   14   7   1     1    0   0                                      12       0      35    1908     0.0179        0  0.00613
* 2   5  10   2     1    e   1   10  10   1     1    e   1                                      17       0      13    1959    0.00645        0  0.00843
* 2   9   7   2     1    e   1   14   6   2     1    0   0                                      20       0     472    1888      0.242        0   0.0103
* 3   5   7   2     1    e   1    8   8   1     1    e   1   10   7   2     1    e   1          20       0      18    1976    0.00866        0  0.00962
* 2  10  10   1     1    e   1   14   5   1     1    0   0                                      22       0     641    1769      0.351        0    0.012
* 2   8   8   1     1    e   1   11   9   1     1    e   0                                      22       0      14    2115    0.00642        0   0.0101
* 2   9   7   2     1    e   1   10  10   1     1    e   1                                      26       0       8    2137    0.00362        0   0.0118
* 1   7   7   2     1    e   1                                                                  35       0      12    1996    0.00591        0   0.0172
* 2   5  10   2     1    e   1   14   8   1     1    0   0                                      35       0      98    2031     0.0465        0   0.0166
* 2   5   7   2     1    e   1   10   7   3     1    e   1                                      39       0      39    1920     0.0195        0   0.0195
* 2  10   8   2     1    e   1   13   5   1     1    2   0                                      44       0     237    1791      0.127        0   0.0235
* 2   5  10   2     1    e   1   14   5   1     1    0   0                                      49       0     172    2066     0.0797        0   0.0227
* 2  10   7   2     1    e   1   14   5   1     1    0   0                                      53       0      91    1835     0.0472        0   0.0275

@88
* 3   5  10   2     1    e   1   13   6   1     1    2   0    6   8   2     1    e   1          13       0     101    1711     0.0562        0  0.00724
* 3   7   7  10     1    e   1   15   8  10     0    0   0    5   9   2     1    e   1          14       0      48    1679     0.0272        0  0.00794
* 3   5   7   2     1    e   1    9   8   2     1    e   1   14   5   2     1    0   0          14       0     633    1762      0.342        0  0.00757
* 3   5  10   2     1    e   1   12   7   1     1    6   0    7   7  10     1    e   1          15       0      39    1638     0.0226        0  0.00871
* 2   5   7   2     1    e   1   14   5   3     1    0   0                                      16       0      35    1724     0.0197        0  0.00901
* 2  15   8  12     0    0   0    7   7   2     1    e   1                                      17       0      82    1776     0.0448        0  0.00929
* 2  12   7   2     1    6   0    7   7   2     1    e   1                                      18       0      41    1693     0.0235        0   0.0103
* 2  15   8  13     0    0   0    7   7   2     1    e   1                                      20       0      91    1793     0.0492        0   0.0108
* 3  12   7   1     1    6   0    7   7  10     1    e   1    5   9   2     1    e   1          22       0      45    1740     0.0245        0    0.012
* 2   8   8   1     1    e   1   10   8   2     1    e   1                                      26       0      25    1653     0.0146        0   0.0152
